EXERCISE: ORDINARY DIFFERENTIAL SYSTEM
x =        0	y =      0.5
x =      0.3	y =      0.8
x =      0.6	y =      1.1
x =      0.9	y =      1.4
x =      1.2	y =      1.7
x =      1.5	y =        2
x =      1.8	y =      2.3
x =      2.1	y =      2.6
x =      2.4	y =      2.9
x =      2.7	y =      3.2
x =        3	y =      3.5
EXERCISE: ORBITING PLANET
       phi         y0         y1
         0          1       -0.5
       0.5  0.7602872 -0.4387913
         1  0.5792645 -0.2701512
       1.5  0.5012525 -0.0353686
         2  0.5453513  0.2080734
       2.5  0.7007639  0.4005718
         3    0.92944  0.4949962
       3.5   1.175392  0.4682283
         4   1.378401  0.3268218
       4.5   1.488765  0.1053979
         5   1.479462 -0.1418311
       5.5    1.35277 -0.3543349
         6   1.139708 -0.4800851
       6.5    0.89244 -0.4882938
         7  0.6715067 -0.3769511
       7.5      0.531 -0.1733177
         8  0.5053209 0.07275002
       8.5  0.6007564   0.301006
         9  0.7939408  0.4555651
       9.5   1.037576  0.4985861
        10   1.272011  0.4195358
      10.5   1.439848  0.2377685
        11   1.499995 -0.002212849
      11.5   1.437726 -0.2416524
        12   1.268286  -0.421927
      12.5   1.033161 -0.4988991
        13  0.7899165 -0.4537234
      13.5  0.5981078 -0.2974603
        14  0.5046963 -0.06836861
      14.5  0.5325525  0.1774621
        15  0.6748561   0.379844
      15.5  0.8967663  0.4892267
        16   1.143952  0.4788297
      16.5   1.355893  0.3511985
        17   1.480699  0.1375817
      17.5   1.487813   -0.10972
        18   1.375494 -0.3301584
      18.5    1.17124 -0.4697624
        19  0.9250614 -0.4943523
      19.5  0.6972301 -0.3979075
        20  0.5435274  -0.204041
      20.5  0.5015851 0.03978178
        21  0.5816722  0.2738646
      21.5  0.7641805  0.4408959
        22   1.004426  0.4999804
      22.5   1.243587  0.4366523
        23    1.42311  0.2664165
      23.5   1.499041 0.03095265
        24   1.452789 -0.2120895
      24.5   1.295679 -0.4032047
        25   1.066176 -0.4956014
      25.5  0.8204708 -0.4666576
        26  0.6187208 -0.3234597
      26.5  0.5103212 -0.1010676
        27   0.521812  0.1460694
      27.5    0.65038  0.3574435
        28  0.8645471  0.4813029
      28.5   1.111878  0.4873226
        29   1.331817  0.3740288
      29.5   1.470516  0.1691596
        30   1.494016 -0.07712572
      30.5   1.396564  -0.304528
        31   1.202019 -0.4573712
      31.5  0.9580128  -0.498234
        32  0.7242867 -0.4171117
      32.5  0.5580648 -0.2338659
        33  0.5000441 0.006638373
      33.5    0.56443  0.2455174
        34  0.7354587  0.4242851
      34.5  0.9712563  0.4991731
        35   1.214091  0.4518461
      35.5   1.404509  0.2938914
        36   1.495889 0.06398185
      36.5   1.465858 -0.1815927
        37   1.321769  -0.382707
      37.5   1.098899 -0.4901213
        38  0.8518157 -0.4775368
      38.5  0.6410127 -0.3480347
        39  0.5181023 -0.1333215
      39.5  0.5131773  0.1140335
        40  0.6274434   0.333469
      40.5  0.8329244  0.4712597
        41   1.079311  0.4936696
      41.5    1.30628   0.395212
        42   1.458261  0.1999927
      42.5   1.498043 -0.04419185
        43   1.415887 -0.2775567
      43.5   1.231908 -0.4429659
        44   0.991149 -0.4999217
      44.5  0.7525573 -0.4344792
        45  0.5745482  -0.262661
      45.5  0.5007046 -0.02653427
        46  0.5491058   0.216089
      46.5  0.7079017  0.4058061
        47  0.9382134  0.4961677
      47.5   1.183653  0.4650502
        48   1.384127  0.3200722
      48.5   1.490554  0.0967293
        49   1.476876 -0.1502963
      49.5   1.346442 -0.3605241
        50   1.131187  -0.482483
      50.5  0.8838131 -0.4863133
        51  0.6648854 -0.3710771
      51.5  0.5280054 -0.1649883
        52  0.5066862 0.08149539
      52.5  0.6061474  0.3080262
        53  0.8020374  0.4591414
      53.5   1.046396  0.4978428
        54   1.279395  0.4146549
      54.5   1.443988  0.2299451
        55   1.499878 -0.01106338
      55.5    1.43338 -0.2493631
        56   1.260776 -0.4266101
      56.5   1.024324  -0.499408
        57  0.7819176 -0.4499334
      57.5  0.5929051 -0.2902995
        58  0.5035637 -0.05959007
      58.5  0.5357671   0.185709
        59   0.681631  0.3855401
      59.5  0.9054427  0.4909775
        60   1.152405  0.4762065
      60.5   1.362054  0.3448435
        61   1.483059  0.1290508
      61.5   1.485794  -0.118338
        62    1.36959 -0.3367536
      62.5   1.162898 -0.4727201
        63  0.9163222 -0.4929483
      63.5  0.6902338 -0.3924855
        64   0.539987 -0.1959286
      64.5  0.5023674 0.04859845
        65  0.5865857  0.2812269
      65.5  0.7720222  0.4450012
        66   1.013276  0.4998237
      66.5   1.251279  0.4322719
        67    1.42776  0.2588849
      67.5   1.499511 0.02211381
        68   1.448964 -0.2200715
      68.5   1.288495 -0.4083757
        69   1.057392 -0.4966952
      69.5  0.8122382 -0.4634064
        70  0.6130547 -0.3166596
      70.5  0.5086088 -0.09238347
        71  0.5244727  0.1545114
      71.5  0.6567622  0.3635764
        72  0.8730883  0.4836253
      72.5   1.120487  0.4852658
        73   1.338386  0.3680964
      73.5   1.473436  0.1608041
        74   1.492573 -0.08585867
      74.5   1.391111 -0.3115002
        75   1.193891 -0.4608756
      75.5  0.9491997 -0.4974126
        76  0.7169462 -0.4121657
      76.5  0.5539942 -0.2260062
        77  0.5002399 0.01548751
      77.5  0.5688444  0.2531893
        78  0.7430108  0.4289015
      78.5  0.9800971  0.4996037
        79   1.222056  0.4479855
      79.5   1.409648  0.2866848
        80   1.496944 0.05519362
      80.5   1.462571 -0.1898108
        81   1.314944  -0.388343
      81.5   1.090208 -0.4917952
        82  0.8433856 -0.4748389
      82.5  0.6349081 -0.3416254
        83  0.5158178 -0.1247701
      83.5  0.5152722  0.1226333
        84  0.6334048  0.3400117
      84.5  0.8412928  0.4741435
        85   1.088038  0.4921883
      85.5   1.313228  0.3897283
        86   1.461729  0.1918492
      86.5   1.497183 -0.05300125
        87   1.410909 -0.2848752
      87.5    1.22403 -0.4470017
        88  0.9823009 -0.4996866
      88.5   0.744905 -0.4300309
        89  0.5699653 -0.2550885
      89.5  0.5003131 -0.01769162
        90  0.5530017  0.2240368
      90.5   0.715131  0.4109132
        91  0.9470062  0.4971837
      91.5   1.191856  0.4617263
        92   1.389733  0.3132222
      92.5    1.49219 0.08803039
        93   1.474141 -0.1587143
      93.5   1.340006 -0.3666003
        94   1.122626 -0.4847297
      94.5  0.8752226 -0.4841804
        95  0.6583691 -0.3650868
      95.5  0.5251588 -0.1566072
        96  0.5082061 0.09021522
      96.5  0.6116618  0.3149499
        97  0.8101961  0.4625738
      97.5   1.055201  0.4969435
        98   1.286691  0.4096441
      98.5   1.447989  0.2220496
        99   1.499603 -0.01991044
      99.5   1.428898 -0.2569957
       100   1.253183 -0.4311594
     100.5    1.01548 -0.4997603
       101  0.7739871 -0.4460024
     101.5  0.5878301 -0.2830476
       102  0.5025866 -0.05079285
     102.5  0.5391273  0.1938978
       103  0.6885057  0.3911154
     103.5  0.9141488  0.4925744
       104   1.160811   0.473434
     104.5   1.368101  0.3383804
       105   1.485268  0.1204795
     105.5   1.483623  -0.126919
       106   1.363571 -0.3432433
     106.5   1.154504 -0.4755297
       107  0.9076091 -0.4913898
     107.5  0.6833346 -0.3869406
       108  0.5365907 -0.1877548
     108.5  0.5033057 0.05739989
       109  0.5916287  0.2885011
     109.5  0.7799353  0.4489672
       110   1.022121  0.4995104
     110.5   1.258891  0.4277561
       111   1.432276  0.2512722
     111.5   1.499824 0.01326805
       112   1.444998 -0.2279846
     112.5   1.281221 -0.4134186
       113   1.048591 -0.4976333
     113.5  0.8040645 -0.4600101
       114  0.6075098 -0.3097603
     114.5  0.5070504 -0.08367042
       115  0.5272823  0.1629049
     115.5   0.663252  0.3695954
       116  0.8816693  0.4857961
     116.5   1.129058  0.4830569
       117   1.344849  0.3620486
     117.5   1.476209  0.1523981
       118   1.490976 -0.09456471
     118.5   1.385535 -0.3183748
       119   1.185702 -0.4642357
     119.5  0.9404025 -0.4964354
       120  0.7096944 -0.4070905
     120.5  0.5500633 -0.2180756
       121  0.5005924  0.0243318
     121.5  0.5733939  0.2607819
       122  0.7506434  0.4333835
     122.5  0.9889442  0.4998778
       123   1.229952  0.4439845
     123.5   1.414659  0.2793883
       124   1.497843 0.04638811
