0 	 0.0663216 	 0.170708
0.5 	 0.681481 	 0.0650173
1 	 0.895652 	 0.167253
1.5 	 0.82541 	 0.397414
2 	 1.1234 	 0.278032
2.5 	 0.385924 	 0.0265833
3 	 -0.0270114 	 0.05789
3.5 	 -0.186055 	 0.455848
4 	 -0.610376 	 0.431124
4.5 	 -1.00928 	 0.0115704
5 	 -1.03224 	 0.432703
5.5 	 -0.935229 	 0.360207
6 	 -0.340431 	 0.0584399
6.5 	 0.266489 	 0.206992
7 	 0.69051 	 0.215877
7.5 	 1.11589 	 0.0998449
8 	 1.12594 	 0.379949
8.5 	 0.713349 	 0.190766
9 	 0.209321 	 0.242777
9.5 	 -0.236972 	 0.0113027
10 	 -0.773212 	 0.125631
