matrix H at the very beginning of rutine. diaogonal and	adjacent entries are supposed to be -2 and 1. but they are not?
9e+02	-4e+02	   -0	   -0	   -0	   -0	   -0	   -0	   -0	   -0	   -0	   -0	   -0	   -0	   -0	   -0	   -0	   -0	   -0	   -0	
-4e+02	9e+02	-4e+02	   -0	   -0	   -0	   -0	   -0	   -0	   -0	   -0	   -0	   -0	   -0	   -0	   -0	   -0	   -0	   -0	   -0	
   -0	-4e+02	9e+02	-4e+02	   -0	   -0	   -0	   -0	   -0	   -0	   -0	   -0	   -0	   -0	   -0	   -0	   -0	   -0	   -0	   -0	
   -0	   -0	-4e+02	9e+02	-4e+02	   -0	   -0	   -0	   -0	   -0	   -0	   -0	   -0	   -0	   -0	   -0	   -0	   -0	   -0	   -0	
   -0	   -0	   -0	-4e+02	9e+02	-4e+02	   -0	   -0	   -0	   -0	   -0	   -0	   -0	   -0	   -0	   -0	   -0	   -0	   -0	   -0	
   -0	   -0	   -0	   -0	-4e+02	9e+02	-4e+02	   -0	   -0	   -0	   -0	   -0	   -0	   -0	   -0	   -0	   -0	   -0	   -0	   -0	
   -0	   -0	   -0	   -0	   -0	-4e+02	9e+02	-4e+02	   -0	   -0	   -0	   -0	   -0	   -0	   -0	   -0	   -0	   -0	   -0	   -0	
   -0	   -0	   -0	   -0	   -0	   -0	-4e+02	9e+02	-4e+02	   -0	   -0	   -0	   -0	   -0	   -0	   -0	   -0	   -0	   -0	   -0	
   -0	   -0	   -0	   -0	   -0	   -0	   -0	-4e+02	9e+02	-4e+02	   -0	   -0	   -0	   -0	   -0	   -0	   -0	   -0	   -0	   -0	
   -0	   -0	   -0	   -0	   -0	   -0	   -0	   -0	-4e+02	9e+02	-4e+02	   -0	   -0	   -0	   -0	   -0	   -0	   -0	   -0	   -0	
   -0	   -0	   -0	   -0	   -0	   -0	   -0	   -0	   -0	-4e+02	9e+02	-4e+02	   -0	   -0	   -0	   -0	   -0	   -0	   -0	   -0	
   -0	   -0	   -0	   -0	   -0	   -0	   -0	   -0	   -0	   -0	-4e+02	9e+02	-4e+02	   -0	   -0	   -0	   -0	   -0	   -0	   -0	
   -0	   -0	   -0	   -0	   -0	   -0	   -0	   -0	   -0	   -0	   -0	-4e+02	9e+02	-4e+02	   -0	   -0	   -0	   -0	   -0	   -0	
   -0	   -0	   -0	   -0	   -0	   -0	   -0	   -0	   -0	   -0	   -0	   -0	-4e+02	9e+02	-4e+02	   -0	   -0	   -0	   -0	   -0	
   -0	   -0	   -0	   -0	   -0	   -0	   -0	   -0	   -0	   -0	   -0	   -0	   -0	-4e+02	9e+02	-4e+02	   -0	   -0	   -0	   -0	
   -0	   -0	   -0	   -0	   -0	   -0	   -0	   -0	   -0	   -0	   -0	   -0	   -0	   -0	-4e+02	9e+02	-4e+02	   -0	   -0	   -0	
   -0	   -0	   -0	   -0	   -0	   -0	   -0	   -0	   -0	   -0	   -0	   -0	   -0	   -0	   -0	-4e+02	9e+02	-4e+02	   -0	   -0	
   -0	   -0	   -0	   -0	   -0	   -0	   -0	   -0	   -0	   -0	   -0	   -0	   -0	   -0	   -0	   -0	-4e+02	9e+02	-4e+02	   -0	
   -0	   -0	   -0	   -0	   -0	   -0	   -0	   -0	   -0	   -0	   -0	   -0	   -0	   -0	   -0	   -0	   -0	-4e+02	9e+02	-4e+02	
   -0	   -0	   -0	   -0	   -0	   -0	   -0	   -0	   -0	   -0	   -0	   -0	   -0	   -0	   -0	   -0	   -0	   -0	-4e+02	9e+02	

matrix evec.
 0.05	 0.09	 -0.1	  0.2	  0.2	  0.2	  0.3	  0.3	  0.3	  0.3	  0.3	  0.3	 -0.3	 0.05	-0.09	 -0.1	 -0.2	  0.2	  0.2	  0.3	
-0.09	 -0.2	  0.2	 -0.3	 -0.3	 -0.3	 -0.3	 -0.2	 -0.1	-0.05	 0.05	  0.1	 -0.2	 0.09	 -0.2	 -0.2	 -0.3	  0.3	  0.3	  0.3	
  0.1	  0.2	 -0.3	  0.3	  0.2	  0.1	-5e-16	 -0.1	 -0.2	 -0.3	 -0.3	 -0.2	  0.1	  0.1	 -0.2	 -0.3	 -0.3	  0.2	  0.1	-3e-16	
 -0.2	 -0.3	  0.3	 -0.2	-0.05	  0.1	  0.3	  0.3	  0.2	 0.09	-0.09	 -0.2	  0.3	  0.2	 -0.3	 -0.3	 -0.2	 0.05	 -0.1	 -0.3	
  0.2	  0.3	 -0.2	 0.05	 -0.2	 -0.3	 -0.3	-0.09	  0.1	  0.3	  0.3	  0.1	 0.09	  0.2	 -0.3	 -0.2	-0.05	 -0.2	 -0.3	 -0.3	
 -0.2	 -0.3	  0.1	  0.1	  0.3	  0.2	-6e-16	 -0.2	 -0.3	 -0.1	  0.1	  0.3	 -0.2	  0.2	 -0.3	 -0.1	  0.1	 -0.3	 -0.2	4e-16	
  0.3	  0.3	3e-15	 -0.3	 -0.3	1e-15	  0.3	  0.3	4e-17	 -0.3	 -0.3	3e-16	 -0.3	  0.3	 -0.3	4e-16	  0.3	 -0.3	2e-16	  0.3	
 -0.3	 -0.2	 -0.1	  0.3	 0.09	 -0.2	 -0.3	 0.05	  0.3	  0.2	 -0.2	 -0.3	 0.05	  0.3	 -0.2	  0.1	  0.3	-0.09	  0.2	  0.3	
  0.3	  0.1	  0.2	 -0.2	  0.1	  0.3	-2e-16	 -0.3	 -0.1	  0.2	  0.2	 -0.1	  0.3	  0.3	 -0.1	  0.2	  0.2	  0.1	  0.3	-4e-16	
 -0.3	-0.05	 -0.3	 0.09	 -0.3	 -0.1	  0.3	  0.2	 -0.2	 -0.2	  0.2	  0.2	  0.2	  0.3	-0.05	  0.3	 0.09	  0.3	  0.1	 -0.3	
  0.3	-0.05	  0.3	 0.09	  0.3	 -0.1	 -0.3	  0.2	  0.2	 -0.2	 -0.2	  0.2	 -0.2	  0.3	 0.05	  0.3	-0.09	  0.3	 -0.1	 -0.3	
 -0.3	  0.1	 -0.2	 -0.2	 -0.1	  0.3	2e-15	 -0.3	  0.1	  0.2	 -0.2	 -0.1	 -0.3	  0.3	  0.1	  0.2	 -0.2	  0.1	 -0.3	6e-16	
  0.3	 -0.2	  0.1	  0.3	-0.09	 -0.2	  0.3	 0.05	 -0.3	  0.2	  0.2	 -0.3	-0.05	  0.3	  0.2	  0.1	 -0.3	-0.09	 -0.2	  0.3	
 -0.3	  0.3	1e-14	 -0.3	  0.3	-9e-16	 -0.3	  0.3	2e-15	 -0.3	  0.3	-3e-16	  0.3	  0.3	  0.3	-3e-16	 -0.3	 -0.3	6e-16	  0.3	
  0.2	 -0.3	 -0.1	  0.1	 -0.3	  0.2	3e-15	 -0.2	  0.3	 -0.1	 -0.1	  0.3	  0.2	  0.2	  0.3	 -0.1	 -0.1	 -0.3	  0.2	-5e-16	
 -0.2	  0.3	  0.2	 0.05	  0.2	 -0.3	  0.3	-0.09	 -0.1	  0.3	 -0.3	  0.1	-0.09	  0.2	  0.3	 -0.2	 0.05	 -0.2	  0.3	 -0.3	
  0.2	 -0.3	 -0.3	 -0.2	 0.05	  0.1	 -0.3	  0.3	 -0.2	 0.09	 0.09	 -0.2	 -0.3	  0.2	  0.3	 -0.3	  0.2	 0.05	  0.1	 -0.3	
 -0.1	  0.2	  0.3	  0.3	 -0.2	  0.1	2e-15	 -0.1	  0.2	 -0.3	  0.3	 -0.2	 -0.1	  0.1	  0.2	 -0.3	  0.3	  0.2	 -0.1	3e-16	
 0.09	 -0.2	 -0.2	 -0.3	  0.3	 -0.3	  0.3	 -0.2	  0.1	-0.05	-0.05	  0.1	  0.2	 0.09	  0.2	 -0.2	  0.3	  0.3	 -0.3	  0.3	
-0.05	 0.09	  0.1	  0.2	 -0.2	  0.2	 -0.3	  0.3	 -0.3	  0.3	 -0.3	  0.3	  0.3	 0.05	 0.09	 -0.1	  0.2	  0.2	 -0.2	  0.3	

vector eval.
  1754.149
  1724.815
  1676.655
  1610.743
  1528.552
  1431.918
      1323
  1204.231
  1078.263
  947.9119
  816.0881
  685.7365
  559.7692
  9.851211
  39.18479
  87.34546
  153.2574
  235.4482
   332.082
       441

matrix evec after sorting.
 0.05	-0.09	 -0.1	 -0.2	  0.2	  0.2	  0.3	 -0.3	  0.3	  0.3	  0.3	  0.3	  0.3	  0.3	  0.2	  0.2	  0.2	 -0.1	 0.09	 0.05	
 0.09	 -0.2	 -0.2	 -0.3	  0.3	  0.3	  0.3	 -0.2	  0.1	 0.05	-0.05	 -0.1	 -0.2	 -0.3	 -0.3	 -0.3	 -0.3	  0.2	 -0.2	-0.09	
  0.1	 -0.2	 -0.3	 -0.3	  0.2	  0.1	-3e-16	  0.1	 -0.2	 -0.3	 -0.3	 -0.2	 -0.1	-5e-16	  0.1	  0.2	  0.3	 -0.3	  0.2	  0.1	
  0.2	 -0.3	 -0.3	 -0.2	 0.05	 -0.1	 -0.3	  0.3	 -0.2	-0.09	 0.09	  0.2	  0.3	  0.3	  0.1	-0.05	 -0.2	  0.3	 -0.3	 -0.2	
  0.2	 -0.3	 -0.2	-0.05	 -0.2	 -0.3	 -0.3	 0.09	  0.1	  0.3	  0.3	  0.1	-0.09	 -0.3	 -0.3	 -0.2	 0.05	 -0.2	  0.3	  0.2	
  0.2	 -0.3	 -0.1	  0.1	 -0.3	 -0.2	4e-16	 -0.2	  0.3	  0.1	 -0.1	 -0.3	 -0.2	-6e-16	  0.2	  0.3	  0.1	  0.1	 -0.3	 -0.2	
  0.3	 -0.3	4e-16	  0.3	 -0.3	2e-16	  0.3	 -0.3	3e-16	 -0.3	 -0.3	4e-17	  0.3	  0.3	1e-15	 -0.3	 -0.3	3e-15	  0.3	  0.3	
  0.3	 -0.2	  0.1	  0.3	-0.09	  0.2	  0.3	 0.05	 -0.3	 -0.2	  0.2	  0.3	 0.05	 -0.3	 -0.2	 0.09	  0.3	 -0.1	 -0.2	 -0.3	
  0.3	 -0.1	  0.2	  0.2	  0.1	  0.3	-4e-16	  0.3	 -0.1	  0.2	  0.2	 -0.1	 -0.3	-2e-16	  0.3	  0.1	 -0.2	  0.2	  0.1	  0.3	
  0.3	-0.05	  0.3	 0.09	  0.3	  0.1	 -0.3	  0.2	  0.2	  0.2	 -0.2	 -0.2	  0.2	  0.3	 -0.1	 -0.3	 0.09	 -0.3	-0.05	 -0.3	
  0.3	 0.05	  0.3	-0.09	  0.3	 -0.1	 -0.3	 -0.2	  0.2	 -0.2	 -0.2	  0.2	  0.2	 -0.3	 -0.1	  0.3	 0.09	  0.3	-0.05	  0.3	
  0.3	  0.1	  0.2	 -0.2	  0.1	 -0.3	6e-16	 -0.3	 -0.1	 -0.2	  0.2	  0.1	 -0.3	2e-15	  0.3	 -0.1	 -0.2	 -0.2	  0.1	 -0.3	
  0.3	  0.2	  0.1	 -0.3	-0.09	 -0.2	  0.3	-0.05	 -0.3	  0.2	  0.2	 -0.3	 0.05	  0.3	 -0.2	-0.09	  0.3	  0.1	 -0.2	  0.3	
  0.3	  0.3	-3e-16	 -0.3	 -0.3	6e-16	  0.3	  0.3	-3e-16	  0.3	 -0.3	2e-15	  0.3	 -0.3	-9e-16	  0.3	 -0.3	1e-14	  0.3	 -0.3	
  0.2	  0.3	 -0.1	 -0.1	 -0.3	  0.2	-5e-16	  0.2	  0.3	 -0.1	 -0.1	  0.3	 -0.2	3e-15	  0.2	 -0.3	  0.1	 -0.1	 -0.3	  0.2	
  0.2	  0.3	 -0.2	 0.05	 -0.2	  0.3	 -0.3	-0.09	  0.1	 -0.3	  0.3	 -0.1	-0.09	  0.3	 -0.3	  0.2	 0.05	  0.2	  0.3	 -0.2	
  0.2	  0.3	 -0.3	  0.2	 0.05	  0.1	 -0.3	 -0.3	 -0.2	 0.09	 0.09	 -0.2	  0.3	 -0.3	  0.1	 0.05	 -0.2	 -0.3	 -0.3	  0.2	
  0.1	  0.2	 -0.3	  0.3	  0.2	 -0.1	3e-16	 -0.1	 -0.2	  0.3	 -0.3	  0.2	 -0.1	2e-15	  0.1	 -0.2	  0.3	  0.3	  0.2	 -0.1	
 0.09	  0.2	 -0.2	  0.3	  0.3	 -0.3	  0.3	  0.2	  0.1	-0.05	-0.05	  0.1	 -0.2	  0.3	 -0.3	  0.3	 -0.3	 -0.2	 -0.2	 0.09	
 0.05	 0.09	 -0.1	  0.2	  0.2	 -0.2	  0.3	  0.3	  0.3	 -0.3	  0.3	 -0.3	  0.3	 -0.3	  0.2	 -0.2	  0.2	  0.1	 0.09	-0.05	

vector eval after sorting
  9.851211
  39.18479
  87.34546
  153.2574
  235.4482
   332.082
       441
  559.7692
  685.7365
  816.0881
  947.9119
  1078.263
  1204.231
      1323
  1431.918
  1528.552
  1610.743
  1676.655
  1724.815
  1754.149

 i        exact   calculated
 0     9.869604     9.851211
 1     39.47842     39.18479
 2     88.82644     87.34546
 3     157.9137     153.2574
 4     246.7401     235.4482
 5     355.3058      332.082
GSL MAtrix at end of rutine.
9e+02	-4e+02	   -0	   -0	   -0	   -0	   -0	   -0	   -0	   -0	   -0	   -0	   -0	   -0	   -0	   -0	   -0	   -0	   -0	   -0	
-4e+02	9e+02	-4e+02	   -0	   -0	   -0	   -0	   -0	   -0	   -0	   -0	   -0	   -0	   -0	   -0	   -0	   -0	   -0	   -0	   -0	
   -0	-4e+02	9e+02	-4e+02	   -0	   -0	   -0	   -0	   -0	   -0	   -0	   -0	   -0	   -0	   -0	   -0	   -0	   -0	   -0	   -0	
   -0	   -0	-4e+02	9e+02	-4e+02	   -0	   -0	   -0	   -0	   -0	   -0	   -0	   -0	   -0	   -0	   -0	   -0	   -0	   -0	   -0	
   -0	   -0	   -0	-4e+02	9e+02	-4e+02	   -0	   -0	   -0	   -0	   -0	   -0	   -0	   -0	   -0	   -0	   -0	   -0	   -0	   -0	
   -0	   -0	   -0	   -0	-4e+02	9e+02	-4e+02	   -0	   -0	   -0	   -0	   -0	   -0	   -0	   -0	   -0	   -0	   -0	   -0	   -0	
   -0	   -0	   -0	   -0	   -0	-4e+02	9e+02	-4e+02	   -0	   -0	   -0	   -0	   -0	   -0	   -0	   -0	   -0	   -0	   -0	   -0	
   -0	   -0	   -0	   -0	   -0	   -0	-4e+02	9e+02	-4e+02	   -0	   -0	   -0	   -0	   -0	   -0	   -0	   -0	   -0	   -0	   -0	
   -0	   -0	   -0	   -0	   -0	   -0	   -0	-4e+02	9e+02	-4e+02	   -0	   -0	   -0	   -0	   -0	   -0	   -0	   -0	   -0	   -0	
   -0	   -0	   -0	   -0	   -0	   -0	   -0	   -0	-4e+02	9e+02	-4e+02	   -0	   -0	   -0	   -0	   -0	   -0	   -0	   -0	   -0	
   -0	   -0	   -0	   -0	   -0	   -0	   -0	   -0	   -0	-4e+02	9e+02	-4e+02	   -0	   -0	   -0	   -0	   -0	   -0	   -0	   -0	
   -0	   -0	   -0	   -0	   -0	   -0	   -0	   -0	   -0	   -0	-4e+02	9e+02	-4e+02	   -0	   -0	   -0	   -0	   -0	   -0	   -0	
   -0	   -0	   -0	   -0	   -0	   -0	   -0	   -0	   -0	   -0	   -0	-4e+02	9e+02	-4e+02	   -0	   -0	   -0	   -0	   -0	   -0	
   -0	   -0	   -0	   -0	   -0	   -0	   -0	   -0	   -0	   -0	   -0	   -0	-4e+02	9e+02	-4e+02	   -0	   -0	   -0	   -0	   -0	
   -0	   -0	   -0	   -0	   -0	   -0	   -0	   -0	   -0	   -0	   -0	   -0	   -0	-4e+02	9e+02	-4e+02	   -0	   -0	   -0	   -0	
   -0	   -0	   -0	   -0	   -0	   -0	   -0	   -0	   -0	   -0	   -0	   -0	   -0	   -0	-4e+02	9e+02	-4e+02	   -0	   -0	   -0	
   -0	   -0	   -0	   -0	   -0	   -0	   -0	   -0	   -0	   -0	   -0	   -0	   -0	   -0	   -0	-4e+02	9e+02	-4e+02	   -0	   -0	
   -0	   -0	   -0	   -0	   -0	   -0	   -0	   -0	   -0	   -0	   -0	   -0	   -0	   -0	   -0	   -0	-4e+02	9e+02	-4e+02	   -0	
   -0	   -0	   -0	   -0	   -0	   -0	   -0	   -0	   -0	   -0	   -0	   -0	   -0	   -0	   -0	   -0	   -0	-4e+02	9e+02	-4e+02	
   -0	   -0	   -0	   -0	   -0	   -0	   -0	   -0	   -0	   -0	   -0	   -0	   -0	   -0	   -0	   -0	   -0	   -0	-4e+02	9e+02	

