-6.28319 -0.00328486 -0.00328486
-6.27019 -0.0034859 -0.0034859
-6.25719 -0.00371015 -0.00371015
-6.24419 -0.00396135 -0.00396135
-6.23119 -0.00424414 -0.00424414
-6.21819 -0.00456426 -0.00456426
-6.20519 -0.00492891 -0.00492891
-6.19219 -0.00534724 -0.00534724
-6.17919 -0.00583109 -0.00583109
-6.16619 -0.006396 -0.006396
-6.15319 -0.00706281 -0.00706281
-6.14019 -0.00786008 -0.00786008
-6.12719 -0.00882811 -0.00882811
-6.11419 -0.0100256 -0.0100256
-6.10119 -0.0115412 -0.0115412
-6.08819 -0.0135163 -0.0135163
-6.07519 -0.0161898 -0.0161898
-6.06219 -0.0200004 -0.0200004
-6.04919 -0.025851 -0.025851
-6.03619 -0.0359415 -0.0359415
-6.02319 -0.0574068 -0.0574068
-6.01019 -0.133807 -0.133807
-5.99719 0.496057 0.496057
-5.98419 0.0904982 0.0904982
-5.97119 0.0509396 0.0509396
-5.95819 0.0360197 0.0360197
-5.94519 0.0282099 0.0282099
-5.93219 0.0234227 0.0234227
-5.91919 0.0202006 0.0202006
-5.90619 0.0178941 0.0178941
-5.89319 0.0161701 0.0161701
-5.88019 0.0148399 0.0148399
-5.86719 0.0137889 0.0137889
-5.85419 0.0129433 0.0129433
-5.84119 0.0122538 0.0122538
-5.82819 0.0116857 0.0116857
-5.81519 0.0112145 0.0112145
-5.80219 0.0108219 0.0108219
-5.78919 0.0104944 0.0104944
-5.77619 0.0102217 0.0102217
-5.76319 0.00999555 0.00999555
-5.75019 0.00980984 0.00980984
-5.73719 0.00965956 0.00965956
-5.72419 0.00954076 0.00954076
-5.71119 0.0094503 0.0094503
-5.69819 0.00938565 0.00938565
-5.68519 0.0093448 0.0093448
-5.67219 0.00932614 0.00932614
-5.65919 0.00932842 0.00932842
-5.64619 0.00935069 0.00935069
-5.63319 0.00939225 0.00939225
-5.62019 0.0094526 0.0094526
-5.60719 0.00953147 0.00953147
-5.59419 0.00962875 0.00962875
-5.58119 0.00974451 0.00974451
-5.56819 0.00987897 0.00987897
-5.55519 0.0100325 0.0100325
-5.54219 0.0102057 0.0102057
-5.52919 0.0103993 0.0103993
-5.51619 0.010614 0.010614
-5.50319 0.010851 0.010851
-5.49019 0.0111116 0.0111116
-5.47719 0.0113971 0.0113971
-5.46419 0.0117092 0.0117092
-5.45119 0.0120498 0.0120498
-5.43819 0.0124212 0.0124212
-5.42519 0.012826 0.012826
-5.41219 0.0132669 0.0132669
-5.39919 0.0137473 0.0137473
-5.38619 0.0142711 0.0142711
-5.37319 0.0148426 0.0148426
-5.36019 0.0154668 0.0154668
-5.34719 0.0161498 0.0161498
-5.33419 0.0168982 0.0168982
-5.32119 0.0177201 0.0177201
-5.30819 0.0186247 0.0186247
-5.29519 0.0196232 0.0196232
-5.28219 0.0207285 0.0207285
-5.26919 0.0219565 0.0219565
-5.25619 0.0233259 0.0233259
-5.24319 0.0248598 0.0248598
-5.23019 0.0265864 0.0265864
-5.21719 0.0285408 0.0285408
-5.20419 0.0307669 0.0307669
-5.19119 0.0333207 0.0333207
-5.17819 0.0362749 0.0362749
-5.16519 0.0397246 0.0397246
-5.15219 0.0437979 0.0437979
-5.13919 0.0486707 0.0486707
-5.12619 0.0545915 0.0545915
-5.11319 0.0619231 0.0619231
-5.10019 0.0712169 0.0712169
-5.08719 0.083353 0.083353
-5.07419 0.0998288 0.0998288
-5.06119 0.123415 0.123415
-5.04819 0.159871 0.159871
-5.03519 0.223472 0.223472
-5.02219 0.361949 0.361949
-5.00919 0.893256 0.893256
-4.99619 -2.19885 -2.19885
-4.98319 -0.510246 -0.510246
-4.97019 -0.294496 -0.294496
-4.95719 -0.209985 -0.209985
-4.94419 -0.165018 -0.165018
-4.93119 -0.137192 -0.137192
-4.91819 -0.118341 -0.118341
-4.90519 -0.104781 -0.104781
-4.89219 -0.0946024 -0.0946024
-4.87919 -0.0867194 -0.0867194
-4.86619 -0.080468 -0.080468
-4.85319 -0.0754198 -0.0754198
-4.84019 -0.071286 -0.071286
-4.82719 -0.0678651 -0.0678651
-4.81419 -0.0650125 -0.0650125
-4.80119 -0.0626214 -0.0626214
-4.78819 -0.0606118 -0.0606118
-4.77519 -0.0589225 -0.0589225
-4.76219 -0.057506 -0.057506
-4.74919 -0.0563252 -0.0563252
-4.73619 -0.0553504 -0.0553504
-4.72319 -0.0545582 -0.0545582
-4.71019 -0.0539295 -0.0539295
-4.69719 -0.0534492 -0.0534492
-4.68419 -0.053105 -0.053105
-4.67119 -0.0528871 -0.0528871
-4.65819 -0.0527877 -0.0527877
-4.64519 -0.0528006 -0.0528006
-4.63219 -0.0529213 -0.0529213
-4.61919 -0.0531463 -0.0531463
-4.60619 -0.0534735 -0.0534735
-4.59319 -0.0539015 -0.0539015
-4.58019 -0.0544302 -0.0544302
-4.56719 -0.05506 -0.05506
-4.55419 -0.0557926 -0.0557926
-4.54119 -0.0566302 -0.0566302
-4.52819 -0.0575761 -0.0575761
-4.51519 -0.0586344 -0.0586344
-4.50219 -0.05981 -0.05981
-4.48919 -0.0611091 -0.0611091
-4.47619 -0.0625386 -0.0625386
-4.46319 -0.0641068 -0.0641068
-4.45019 -0.0658234 -0.0658234
-4.43719 -0.0676993 -0.0676993
-4.42419 -0.0697472 -0.0697472
-4.41119 -0.0719816 -0.0719816
-4.39819 -0.0744194 -0.0744194
-4.38519 -0.0770796 -0.0770796
-4.37219 -0.0799845 -0.0799845
-4.35919 -0.0831596 -0.0831596
-4.34619 -0.0866346 -0.0866346
-4.33319 -0.0904439 -0.0904439
-4.32019 -0.0946279 -0.0946279
-4.30719 -0.0992339 -0.0992339
-4.29419 -0.104318 -0.104318
-4.28119 -0.109946 -0.109946
-4.26819 -0.116198 -0.116198
-4.25519 -0.12317 -0.12317
-4.24219 -0.130978 -0.130978
-4.22919 -0.139767 -0.139767
-4.21619 -0.149714 -0.149714
-4.20319 -0.161043 -0.161043
-4.19019 -0.174041 -0.174041
-4.17719 -0.189077 -0.189077
-4.16419 -0.206639 -0.206639
-4.15119 -0.227382 -0.227382
-4.13819 -0.252208 -0.252208
-4.12519 -0.282396 -0.282396
-4.11219 -0.319817 -0.319817
-4.09919 -0.367321 -0.367321
-4.08619 -0.429484 -0.429484
-4.07319 -0.514128 -0.514128
-4.06019 -0.635841 -0.635841
-4.04719 -0.825284 -0.825284
-4.03419 -1.15976 -1.15976
-4.02119 -1.90632 -1.90632
-4.00819 -5.02857 -5.02857
-3.99519 8.71736 8.71736
-3.98219 2.40367 2.40367
-3.96919 1.41847 1.41847
-3.95619 1.01884 1.01884
-3.94319 0.802866 0.802866
-3.93019 0.667974 0.667974
-3.91719 0.576009 0.576009
-3.90419 0.509522 0.509522
-3.89119 0.459404 0.459404
-3.87819 0.420437 0.420437
-3.86519 0.389416 0.389416
-3.85219 0.364265 0.364265
-3.83919 0.343581 0.343581
-3.82619 0.326381 0.326381
-3.81319 0.311958 0.311958
-3.80019 0.299791 0.299791
-3.78719 0.289486 0.289486
-3.77419 0.280743 0.280743
-3.76119 0.273327 0.273327
-3.74819 0.267053 0.267053
-3.73519 0.261777 0.261777
-3.72219 0.257379 0.257379
-3.70919 0.253766 0.253766
-3.69619 0.250861 0.250861
-3.68319 0.248602 0.248602
-3.67019 0.246938 0.246938
-3.65719 0.245828 0.245828
-3.64419 0.245241 0.245241
-3.63119 0.245152 0.245152
-3.61819 0.245539 0.245539
-3.60519 0.24639 0.24639
-3.59219 0.247696 0.247696
-3.57919 0.249451 0.249451
-3.56619 0.251655 0.251655
-3.55319 0.25431 0.25431
-3.54019 0.257425 0.257425
-3.52719 0.261008 0.261008
-3.51419 0.265076 0.265076
-3.50119 0.269646 0.269646
-3.48819 0.274741 0.274741
-3.47519 0.280389 0.280389
-3.46219 0.286622 0.286622
-3.44919 0.293477 0.293477
-3.43619 0.300998 0.300998
-3.42319 0.309235 0.309235
-3.41019 0.318246 0.318246
-3.39719 0.3281 0.3281
-3.38419 0.338871 0.338871
-3.37119 0.350651 0.350651
-3.35819 0.363542 0.363542
-3.34519 0.377663 0.377663
-3.33219 0.393154 0.393154
-3.31919 0.410178 0.410178
-3.30619 0.428927 0.428927
-3.29319 0.449627 0.449627
-3.28019 0.472548 0.472548
-3.26719 0.498012 0.498012
-3.25419 0.526409 0.526409
-3.24119 0.558214 0.558214
-3.22819 0.59401 0.59401
-3.21519 0.634524 0.634524
-3.20219 0.680668 0.680668
-3.18919 0.73361 0.73361
-3.17619 0.794858 0.794858
-3.16319 0.866408 0.866408
-3.15019 0.950945 0.950945
-3.13719 1.05217 1.05217
-3.12419 1.17535 1.17535
-3.11119 1.32819 1.32819
-3.09819 1.52251 1.52251
-3.08519 1.77732 1.77732
-3.07219 2.12535 2.12535
-3.05919 2.62808 2.62808
-3.04619 3.4162 3.4162
-3.03319 4.82524 4.82524
-3.02019 8.05504 8.05504
-3.00719 22.9889 22.9889
-2.99419 -28.8746 -28.8746
-2.98119 -9.075 -9.075
-2.96819 -5.46056 -5.46056
-2.95519 -3.94627 -3.94627
-2.94219 -3.11554 -3.11554
-2.92919 -2.59199 -2.59199
-2.91619 -2.23278 -2.23278
-2.90319 -1.97177 -1.97177
-2.89019 -1.77416 -1.77416
-2.87719 -1.61989 -1.61989
-2.86419 -1.49658 -1.49658
-2.85119 -1.39617 -1.39617
-2.83819 -1.31321 -1.31321
-2.82519 -1.24388 -1.24388
-2.81219 -1.18539 -1.18539
-2.79919 -1.13572 -1.13572
-2.78619 -1.09331 -1.09331
-2.77319 -1.05697 -1.05697
-2.76019 -1.0258 -1.0258
-2.74719 -0.999051 -0.999051
-2.73419 -0.976147 -0.976147
-2.72119 -0.956621 -0.956621
-2.70819 -0.940093 -0.940093
-2.69519 -0.926254 -0.926254
-2.68219 -0.91485 -0.91485
-2.66919 -0.905676 -0.905676
-2.65619 -0.898562 -0.898562
-2.64319 -0.893372 -0.893372
-2.63019 -0.889993 -0.889993
-2.61719 -0.888339 -0.888339
-2.60419 -0.888341 -0.888341
-2.59119 -0.88995 -0.88995
-2.57819 -0.893132 -0.893132
-2.56519 -0.897867 -0.897867
-2.55219 -0.90415 -0.90415
-2.53919 -0.911989 -0.911989
-2.52619 -0.921405 -0.921405
-2.51319 -0.932431 -0.932431
-2.50019 -0.945116 -0.945116
-2.48719 -0.959519 -0.959519
-2.47419 -0.975715 -0.975715
-2.46119 -0.993798 -0.993798
-2.44819 -1.01387 -1.01387
-2.43519 -1.03607 -1.03607
-2.42219 -1.06053 -1.06053
-2.40919 -1.08744 -1.08744
-2.39619 -1.11699 -1.11699
-2.38319 -1.14941 -1.14941
-2.37019 -1.18496 -1.18496
-2.35719 -1.22397 -1.22397
-2.34419 -1.26679 -1.26679
-2.33119 -1.31384 -1.31384
-2.31819 -1.36562 -1.36562
-2.30519 -1.42271 -1.42271
-2.29219 -1.48579 -1.48579
-2.27919 -1.55568 -1.55568
-2.26619 -1.63338 -1.63338
-2.25319 -1.72005 -1.72005
-2.24019 -1.81715 -1.81715
-2.22719 -1.92646 -1.92646
-2.21419 -2.0502 -2.0502
-2.20119 -2.19116 -2.19116
-2.18819 -2.35289 -2.35289
-2.17519 -2.54004 -2.54004
-2.16219 -2.75872 -2.75872
-2.14919 -3.01718 -3.01718
-2.13619 -3.32683 -3.32683
-2.12319 -3.70389 -3.70389
-2.11019 -4.17225 -4.17225
-2.09719 -4.76859 -4.76859
-2.08419 -5.55225 -5.55225
-2.07119 -6.62593 -6.62593
-2.05819 -8.18411 -8.18411
-2.04519 -10.6451 -10.6451
-2.03219 -15.1031 -15.1031
-2.01919 -25.6179 -25.6179
-2.00619 -80.3811 -80.3811
-1.99319 73.8387 73.8387
-1.98019 25.714 25.714
-1.96719 15.73 15.73
-1.95419 11.4195 11.4195
-1.94119 9.02048 9.02048
-1.92819 7.49517 7.49517
-1.91519 6.44194 6.44194
-1.90219 5.67272 5.67272
-1.88919 5.08771 5.08771
-1.87619 4.62902 4.62902
-1.86319 4.26077 4.26077
-1.85019 3.95955 3.95955
-1.83719 3.70944 3.70944
-1.82419 3.49923 3.49923
-1.81119 3.3208 3.3208
-1.79819 3.16814 3.16814
-1.78519 3.03671 3.03671
-1.77219 2.923 2.923
-1.75919 2.82428 2.82428
-1.74619 2.73838 2.73838
-1.73319 2.66357 2.66357
-1.72019 2.59845 2.59845
-1.70719 2.54188 2.54188
-1.69419 2.49291 2.49291
-1.68119 2.45079 2.45079
-1.66819 2.41486 2.41486
-1.65519 2.38461 2.38461
-1.64219 2.3596 2.3596
-1.62919 2.33946 2.33946
-1.61619 2.32391 2.32391
-1.60319 2.31269 2.31269
-1.59019 2.30563 2.30563
-1.57719 2.30256 2.30256
-1.56419 2.3034 2.3034
-1.55119 2.30805 2.30805
-1.53819 2.31649 2.31649
-1.52519 2.32871 2.32871
-1.51219 2.34474 2.34474
-1.49919 2.36463 2.36463
-1.48619 2.38848 2.38848
-1.47319 2.4164 2.4164
-1.46019 2.44855 2.44855
-1.44719 2.48513 2.48513
-1.43419 2.52636 2.52636
-1.42119 2.57254 2.57254
-1.40819 2.624 2.624
-1.39519 2.68111 2.68111
-1.38219 2.74434 2.74434
-1.36919 2.81421 2.81421
-1.35619 2.89133 2.89133
-1.34319 2.97644 2.97644
-1.33019 3.07037 3.07037
-1.31719 3.17412 3.17412
-1.30419 3.28885 3.28885
-1.29119 3.41596 3.41596
-1.27819 3.55709 3.55709
-1.26519 3.71424 3.71424
-1.25219 3.88981 3.88981
-1.23919 4.08674 4.08674
-1.22619 4.30864 4.30864
-1.21319 4.56003 4.56003
-1.20019 4.84659 4.84659
-1.18719 5.17558 5.17558
-1.17419 5.55647 5.55647
-1.16119 6.00176 6.00176
-1.14819 6.52836 6.52836
-1.13519 7.15968 7.15968
-1.12219 7.92912 7.92912
-1.10919 8.88598 8.88598
-1.09619 10.1062 10.1062
-1.08319 11.7134 11.7134
-1.07019 13.9223 13.9223
-1.05719 17.1436 17.1436
-1.04419 22.2707 22.2707
-1.03119 31.6872 31.6872
-1.01819 54.5922 54.5922
-1.00519 192.437 192.437
-0.992185 -128.398 -128.398
-0.979185 -48.4954 -48.4954
-0.966185 -30.0441 -30.0441
-0.953185 -21.851 -21.851
-0.940185 -17.2277 -17.2277
-0.927185 -14.2623 -14.2623
-0.914185 -12.2016 -12.2016
-0.901185 -10.6887 -10.6887
-0.888185 -9.53251 -9.53251
-0.875185 -8.6218 -8.6218
-0.862185 -7.88721 -7.88721
-0.849185 -7.28332 -7.28332
-0.836185 -6.77915 -6.77915
-0.823185 -6.35282 -6.35282
-0.810185 -5.98847 -5.98847
-0.797185 -5.6743 -5.6743
-0.784185 -5.4014 -5.4014
-0.771185 -5.16284 -5.16284
-0.758185 -4.95324 -4.95324
-0.745185 -4.76829 -4.76829
-0.732185 -4.60456 -4.60456
-0.719185 -4.45924 -4.45924
-0.706185 -4.33004 -4.33004
-0.693185 -4.21508 -4.21508
-0.680185 -4.11277 -4.11277
-0.667185 -4.02182 -4.02182
-0.654185 -3.94111 -3.94111
-0.641185 -3.86972 -3.86972
-0.628185 -3.80687 -3.80687
-0.615185 -3.7519 -3.7519
-0.602185 -3.70426 -3.70426
-0.589185 -3.66347 -3.66347
-0.576185 -3.62915 -3.62915
-0.563185 -3.60098 -3.60098
-0.550185 -3.57871 -3.57871
-0.537185 -3.56212 -3.56212
-0.524185 -3.55106 -3.55106
-0.511185 -3.54544 -3.54544
-0.498185 -3.54519 -3.54519
-0.485185 -3.5503 -3.5503
-0.472185 -3.5608 -3.5608
-0.459185 -3.57676 -3.57676
-0.446185 -3.59829 -3.59829
-0.433185 -3.62558 -3.62558
-0.420185 -3.65884 -3.65884
-0.407185 -3.69834 -3.69834
-0.394185 -3.74444 -3.74444
-0.381185 -3.79753 -3.79753
-0.368185 -3.85811 -3.85811
-0.355185 -3.92677 -3.92677
-0.342185 -4.0042 -4.0042
-0.329185 -4.09122 -4.09122
-0.316185 -4.18881 -4.18881
-0.303185 -4.29813 -4.29813
-0.290185 -4.42055 -4.42055
-0.277185 -4.55774 -4.55774
-0.264185 -4.71169 -4.71169
-0.251185 -4.88483 -4.88483
-0.238185 -5.08012 -5.08012
-0.225185 -5.30122 -5.30122
-0.212185 -5.55271 -5.55271
-0.199185 -5.84037 -5.84037
-0.186185 -6.1716 -6.1716
-0.173185 -6.55606 -6.55606
-0.160185 -7.00651 -7.00651
-0.147185 -7.54028 -7.54028
-0.134185 -8.18139 -8.18139
-0.121185 -8.96422 -8.96422
-0.108185 -9.93963 -9.93963
-0.0951853 -11.1863 -11.1863
-0.0821853 -12.8328 -12.8328
-0.0691853 -15.1043 -15.1043
-0.0561853 -18.4341 -18.4341
-0.0431853 -23.7777 -23.7777
-0.0301853 -33.7366 -33.7366
-0.0171853 -58.7837 -58.7837
-0.00418531 -239.512 -239.512
0.00881469 112.878 112.878
0.0218147 45.2846 45.2846
0.0348147 28.1797 28.1797
0.0478147 20.3822 20.3822
0.0608147 15.9232 15.9232
0.0738147 13.0387 13.0387
0.0868147 11.0212 11.0212
0.0998147 9.53192 9.53192
0.112815 8.38818 8.38818
0.125815 7.48279 7.48279
0.138815 6.74875 6.74875
0.151815 6.14198 6.14198
0.164815 5.63234 5.63234
0.177815 5.19848 5.19848
0.190815 4.82489 4.82489
0.203815 4.5 4.5
0.216815 4.21503 4.21503
0.229815 3.96318 3.96318
0.242815 3.73912 3.73912
0.255815 3.53859 3.53859
0.268815 3.35816 3.35816
0.281815 3.19503 3.19503
0.294815 3.0469 3.0469
0.307815 2.91187 2.91187
0.320815 2.78832 2.78832
0.333815 2.67491 2.67491
0.346815 2.57048 2.57048
0.359815 2.47406 2.47406
0.372815 2.38479 2.38479
0.385815 2.30196 2.30196
0.398815 2.22492 2.22492
0.411815 2.15311 2.15311
0.424815 2.08606 2.08606
0.437815 2.02334 2.02334
0.450815 1.96456 1.96456
0.463815 1.90939 1.90939
0.476815 1.85754 1.85754
0.489815 1.80873 1.80873
0.502815 1.76272 1.76272
0.515815 1.7193 1.7193
0.528815 1.67828 1.67828
0.541815 1.63948 1.63948
0.554815 1.60275 1.60275
0.567815 1.56794 1.56794
0.580815 1.53491 1.53491
0.593815 1.50356 1.50356
0.606815 1.47376 1.47376
0.619815 1.44543 1.44543
0.632815 1.41847 1.41847
0.645815 1.3928 1.3928
0.658815 1.36834 1.36834
0.671815 1.34501 1.34501
0.684815 1.32277 1.32277
0.697815 1.30153 1.30153
0.710815 1.28125 1.28125
0.723815 1.26188 1.26188
0.736815 1.24336 1.24336
0.749815 1.22566 1.22566
0.762815 1.20873 1.20873
0.775815 1.19254 1.19254
0.788815 1.17703 1.17703
0.801815 1.1622 1.1622
0.814815 1.14799 1.14799
0.827815 1.13439 1.13439
0.840815 1.12136 1.12136
0.853815 1.10888 1.10888
0.866815 1.09692 1.09692
0.879815 1.08547 1.08547
0.892815 1.07449 1.07449
0.905815 1.06398 1.06398
0.918815 1.05391 1.05391
0.931815 1.04427 1.04427
0.944815 1.03503 1.03503
0.957815 1.02618 1.02618
0.970815 1.01771 1.01771
0.983815 1.00961 1.00961
0.996815 1.00185 1.00185
1.00981 0.994429 0.994429
1.02281 0.987335 0.987335
1.03581 0.980556 0.980556
1.04881 0.97408 0.97408
1.06181 0.967898 0.967898
1.07481 0.962 0.962
1.08781 0.956378 0.956378
1.10081 0.951023 0.951023
1.11381 0.945926 0.945926
1.12681 0.941081 0.941081
1.13981 0.93648 0.93648
1.15281 0.932116 0.932116
1.16581 0.927982 0.927982
1.17881 0.924073 0.924073
1.19181 0.920383 0.920383
1.20481 0.916905 0.916905
1.21781 0.913636 0.913636
1.23081 0.910569 0.910569
1.24381 0.907699 0.907699
1.25681 0.905024 0.905024
1.26981 0.902537 0.902537
1.28281 0.900236 0.900236
1.29581 0.898115 0.898115
1.30881 0.896173 0.896173
1.32181 0.894404 0.894404
1.33481 0.892806 0.892806
1.34781 0.891376 0.891376
1.36081 0.89011 0.89011
1.37381 0.889006 0.889006
1.38681 0.888062 0.888062
1.39981 0.887274 0.887274
1.41281 0.88664 0.88664
1.42581 0.886159 0.886159
1.43881 0.885828 0.885828
1.45181 0.885645 0.885645
1.46481 0.885608 0.885608
1.47781 0.885715 0.885715
1.49081 0.885965 0.885965
1.50381 0.886356 0.886356
1.51681 0.886887 0.886887
1.52981 0.887557 0.887557
1.54281 0.888364 0.888364
1.55581 0.889307 0.889307
1.56881 0.890385 0.890385
1.58181 0.891597 0.891597
1.59481 0.892942 0.892942
1.60781 0.894419 0.894419
1.62081 0.896028 0.896028
1.63381 0.897768 0.897768
1.64681 0.899639 0.899639
1.65981 0.901639 0.901639
1.67281 0.903769 0.903769
1.68581 0.906027 0.906027
1.69881 0.908415 0.908415
1.71181 0.910931 0.910931
1.72481 0.913575 0.913575
1.73781 0.916347 0.916347
1.75081 0.919248 0.919248
1.76381 0.922277 0.922277
1.77681 0.925434 0.925434
1.78981 0.92872 0.92872
1.80281 0.932134 0.932134
1.81581 0.935677 0.935677
1.82881 0.939349 0.939349
1.84181 0.943151 0.943151
1.85481 0.947082 0.947082
1.86781 0.951145 0.951145
1.88081 0.955337 0.955337
1.89381 0.959662 0.959662
1.90681 0.964119 0.964119
1.91981 0.968708 0.968708
1.93281 0.973431 0.973431
1.94581 0.978288 0.978288
1.95881 0.983281 0.983281
1.97181 0.988409 0.988409
1.98481 0.993675 0.993675
1.99781 0.999078 0.999078
2.01081 1.00462 1.00462
2.02381 1.0103 1.0103
2.03681 1.01613 1.01613
2.04981 1.02209 1.02209
2.06281 1.0282 1.0282
2.07581 1.03446 1.03446
2.08881 1.04086 1.04086
2.10181 1.04741 1.04741
2.11481 1.05411 1.05411
2.12781 1.06096 1.06096
2.14081 1.06796 1.06796
2.15381 1.07511 1.07511
2.16681 1.08242 1.08242
2.17981 1.08989 1.08989
2.19281 1.09752 1.09752
2.20581 1.10531 1.10531
2.21881 1.11326 1.11326
2.23181 1.12137 1.12137
2.24481 1.12965 1.12965
2.25781 1.1381 1.1381
2.27081 1.14672 1.14672
2.28381 1.15552 1.15552
2.29681 1.16449 1.16449
2.30981 1.17363 1.17363
2.32281 1.18296 1.18296
2.33581 1.19247 1.19247
2.34881 1.20216 1.20216
2.36181 1.21204 1.21204
2.37481 1.22211 1.22211
2.38781 1.23237 1.23237
2.40081 1.24283 1.24283
2.41381 1.25349 1.25349
2.42681 1.26434 1.26434
2.43981 1.2754 1.2754
2.45281 1.28667 1.28667
2.46581 1.29814 1.29814
2.47881 1.30983 1.30983
2.49181 1.32173 1.32173
2.50481 1.33386 1.33386
2.51781 1.3462 1.3462
2.53081 1.35877 1.35877
2.54381 1.37157 1.37157
2.55681 1.38461 1.38461
2.56981 1.39788 1.39788
2.58281 1.41139 1.41139
2.59581 1.42514 1.42514
2.60881 1.43915 1.43915
2.62181 1.4534 1.4534
2.63481 1.46791 1.46791
2.64781 1.48268 1.48268
2.66081 1.49772 1.49772
2.67381 1.51302 1.51302
2.68681 1.5286 1.5286
2.69981 1.54446 1.54446
2.71281 1.5606 1.5606
2.72581 1.57702 1.57702
2.73881 1.59374 1.59374
2.75181 1.61075 1.61075
2.76481 1.62807 1.62807
2.77781 1.64569 1.64569
2.79081 1.66363 1.66363
2.80381 1.68188 1.68188
2.81681 1.70046 1.70046
2.82981 1.71936 1.71936
2.84281 1.7386 1.7386
2.85581 1.75818 1.75818
2.86881 1.77811 1.77811
2.88181 1.79839 1.79839
2.89481 1.81902 1.81902
2.90781 1.84002 1.84002
2.92081 1.8614 1.8614
2.93381 1.88315 1.88315
2.94681 1.90528 1.90528
2.95981 1.92781 1.92781
2.97281 1.95074 1.95074
2.98581 1.97407 1.97407
2.99881 1.99781 1.99781
3.01181 2.02198 2.02198
3.02481 2.04657 2.04657
3.03781 2.0716 2.0716
3.05081 2.09708 2.09708
3.06381 2.123 2.123
3.07681 2.14939 2.14939
3.08981 2.17625 2.17625
3.10281 2.20358 2.20358
3.11581 2.2314 2.2314
3.12881 2.25971 2.25971
3.14181 2.28853 2.28853
3.15481 2.31787 2.31787
3.16781 2.34773 2.34773
3.18081 2.37812 2.37812
3.19381 2.40905 2.40905
3.20681 2.44054 2.44054
3.21981 2.4726 2.4726
3.23281 2.50522 2.50522
3.24581 2.53844 2.53844
3.25881 2.57225 2.57225
3.27181 2.60667 2.60667
3.28481 2.64171 2.64171
3.29781 2.67738 2.67738
3.31081 2.71369 2.71369
3.32381 2.75066 2.75066
3.33681 2.7883 2.7883
3.34981 2.82663 2.82663
3.36281 2.86564 2.86564
3.37581 2.90537 2.90537
3.38881 2.94582 2.94582
3.40181 2.987 2.987
3.41481 3.02893 3.02893
3.42781 3.07163 3.07163
3.44081 3.11511 3.11511
3.45381 3.15939 3.15939
3.46681 3.20447 3.20447
3.47981 3.25039 3.25039
3.49281 3.29714 3.29714
3.50581 3.34476 3.34476
3.51881 3.39325 3.39325
3.53181 3.44263 3.44263
3.54481 3.49293 3.49293
3.55781 3.54416 3.54416
3.57081 3.59634 3.59634
3.58381 3.64948 3.64948
3.59681 3.70361 3.70361
3.60981 3.75874 3.75874
3.62281 3.81491 3.81491
3.63581 3.87212 3.87212
3.64881 3.93039 3.93039
3.66181 3.98976 3.98976
3.67481 4.05024 4.05024
3.68781 4.11185 4.11185
3.70081 4.17462 4.17462
3.71381 4.23857 4.23857
3.72681 4.30372 4.30372
3.73981 4.3701 4.3701
3.75281 4.43774 4.43774
3.76581 4.50665 4.50665
3.77881 4.57687 4.57687
3.79181 4.64843 4.64843
3.80481 4.72134 4.72134
3.81781 4.79564 4.79564
3.83081 4.87135 4.87135
3.84381 4.94851 4.94851
3.85681 5.02714 5.02714
3.86981 5.10728 5.10728
3.88281 5.18895 5.18895
3.89581 5.27219 5.27219
3.90881 5.35703 5.35703
3.92181 5.44351 5.44351
3.93481 5.53165 5.53165
3.94781 5.62149 5.62149
3.96081 5.71307 5.71307
3.97381 5.80643 5.80643
3.98681 5.90159 5.90159
3.99981 5.9986 5.9986
4.01281 6.0975 6.0975
4.02581 6.19833 6.19833
4.03881 6.30113 6.30113
4.05181 6.40593 6.40593
4.06481 6.51278 6.51278
4.07781 6.62173 6.62173
4.09081 6.73282 6.73282
4.10381 6.84609 6.84609
4.11681 6.96159 6.96159
4.12981 7.07937 7.07937
4.14281 7.19947 7.19947
4.15581 7.32195 7.32195
4.16881 7.44686 7.44686
4.18181 7.57424 7.57424
4.19481 7.70415 7.70415
4.20781 7.83665 7.83665
4.22081 7.97179 7.97179
4.23381 8.10962 8.10962
4.24681 8.25021 8.25021
4.25981 8.39361 8.39361
4.27281 8.53989 8.53989
4.28581 8.6891 8.6891
4.29881 8.84131 8.84131
4.31181 8.99659 8.99659
4.32481 9.155 9.155
4.33781 9.3166 9.3166
4.35081 9.48148 9.48148
4.36381 9.64969 9.64969
4.37681 9.82131 9.82131
4.38981 9.99642 9.99642
4.40281 10.1751 10.1751
4.41581 10.3574 10.3574
4.42881 10.5434 10.5434
4.44181 10.7333 10.7333
4.45481 10.927 10.927
4.46781 11.1247 11.1247
4.48081 11.3264 11.3264
4.49381 11.5323 11.5323
4.50681 11.7424 11.7424
4.51981 11.9569 11.9569
4.53281 12.1757 12.1757
4.54581 12.3991 12.3991
4.55881 12.6272 12.6272
4.57181 12.8599 12.8599
4.58481 13.0975 13.0975
4.59781 13.34 13.34
4.61081 13.5876 13.5876
4.62381 13.8403 13.8403
4.63681 14.0983 14.0983
4.64981 14.3617 14.3617
4.66281 14.6306 14.6306
4.67581 14.9052 14.9052
4.68881 15.1855 15.1855
4.70181 15.4717 15.4717
4.71481 15.764 15.764
4.72781 16.0624 16.0624
4.74081 16.367 16.367
4.75381 16.6782 16.6782
4.76681 16.9959 16.9959
4.77981 17.3204 17.3204
4.79281 17.6517 17.6517
4.80581 17.9901 17.9901
4.81881 18.3357 18.3357
4.83181 18.6887 18.6887
4.84481 19.0491 19.0491
4.85781 19.4173 19.4173
4.87081 19.7934 19.7934
4.88381 20.1776 20.1776
4.89681 20.57 20.57
4.90981 20.9708 20.9708
4.92281 21.3802 21.3802
4.93581 21.7985 21.7985
4.94881 22.2258 22.2258
4.96181 22.6623 22.6623
4.97481 23.1083 23.1083
4.98781 23.5639 23.5639
5.00081 24.0295 24.0295
5.01381 24.5051 24.5051
5.02681 24.9911 24.9911
5.03981 25.4877 25.4877
5.05281 25.9951 25.9951
5.06581 26.5135 26.5135
5.07881 27.0434 27.0434
5.09181 27.5848 27.5848
5.10481 28.1381 28.1381
5.11781 28.7035 28.7035
5.13081 29.2814 29.2814
5.14381 29.872 29.872
5.15681 30.4756 30.4756
5.16981 31.0925 31.0925
5.18281 31.7231 31.7231
5.19581 32.3676 32.3676
5.20881 33.0264 33.0264
5.22181 33.6998 33.6998
5.23481 34.3881 34.3881
5.24781 35.0918 35.0918
5.26081 35.8111 35.8111
5.27381 36.5465 36.5465
5.28681 37.2983 37.2983
5.29981 38.0669 38.0669
5.31281 38.8527 38.8527
5.32581 39.6561 39.6561
5.33881 40.4775 40.4775
5.35181 41.3174 41.3174
5.36481 42.1762 42.1762
5.37781 43.0543 43.0543
5.39081 43.9522 43.9522
5.40381 44.8704 44.8704
5.41681 45.8094 45.8094
5.42981 46.7695 46.7695
5.44281 47.7515 47.7515
5.45581 48.7557 48.7557
5.46881 49.7828 49.7828
5.48181 50.8332 50.8332
5.49481 51.9075 51.9075
5.50781 53.0063 53.0063
5.52081 54.1302 54.1302
5.53381 55.2797 55.2797
5.54681 56.4556 56.4556
5.55981 57.6584 57.6584
5.57281 58.8888 58.8888
5.58581 60.1475 60.1475
5.59881 61.4351 61.4351
5.61181 62.7523 62.7523
5.62481 64.0999 64.0999
5.63781 65.4785 65.4785
5.65081 66.889 66.889
5.66381 68.3322 68.3322
5.67681 69.8087 69.8087
5.68981 71.3195 71.3195
5.70281 72.8653 72.8653
5.71581 74.4471 74.4471
5.72881 76.0657 76.0657
5.74181 77.7219 77.7219
5.75481 79.4168 79.4168
5.76781 81.1512 81.1512
5.78081 82.9261 82.9261
5.79381 84.7426 84.7426
5.80681 86.6016 86.6016
5.81981 88.5042 88.5042
5.83281 90.4515 90.4515
5.84581 92.4446 92.4446
5.85881 94.4845 94.4845
5.87181 96.5725 96.5725
5.88481 98.7097 98.7097
5.89781 100.897 100.897
5.91081 103.137 103.137
5.92381 105.429 105.429
5.93681 107.776 107.776
5.94981 110.178 110.178
5.96281 112.638 112.638
5.97581 115.155 115.155
5.98881 117.733 117.733
6.00181 120.372 120.372
6.01481 123.074 123.074
6.02781 125.841 125.841
6.04081 128.673 128.673
6.05381 131.574 131.574
6.06681 134.544 134.544
6.07981 137.585 137.585
6.09281 140.699 140.699
6.10581 143.888 143.888
6.11881 147.153 147.153
6.13181 150.497 150.497
6.14481 153.922 153.922
6.15781 157.43 157.43
6.17081 161.022 161.022
6.18381 164.701 164.701
6.19681 168.469 168.469
6.20981 172.328 172.328
6.22281 176.281 176.281
6.23581 180.33 180.33
6.24881 184.478 184.478
6.26181 188.726 188.726
6.27481 193.078 193.078
