0 	 0.170094 	 0.197191
0.5 	 0.620975 	 0.39922
1 	 1.04729 	 0.0987757
1.5 	 0.915106 	 0.384115
2 	 0.798185 	 0.276985
2.5 	 0.587171 	 0.314435
3 	 0.0735122 	 0.2567
3.5 	 -0.124668 	 0.458098
4 	 -0.688947 	 0.358648
4.5 	 -1.15673 	 0.303484
5 	 -1.20077 	 0.121443
5.5 	 -0.886925 	 0.402088
6 	 -0.451076 	 0.200472
6.5 	 0.0300152 	 0.0544044
7 	 0.906449 	 0.109128
7.5 	 0.944466 	 0.419556
8 	 1.04568 	 0.148016
8.5 	 0.867263 	 0.262144
9 	 0.40891 	 0.486388
9.5 	 -0.178893 	 0.385679
10 	 -0.530649 	 0.384957
