# t[i], y[i], e[i]
0.47 5.49 0.26
1.41 4.08 0.12
2.36 3.54 0.27
3.3 2.61 0.1
4.24 2.09 0.15
5.18 1.91 0.11
6.13 1.55 0.13
7.07 1.47 0.07
8.01 1.45 0.15
8.95 1.25 0.09


# t, A*exp(-t/T)+B
0.47 5.39599
0.6396 5.13611
0.8092 4.89189
0.9788 4.66239
1.1484 4.44672
1.318 4.24404
1.4876 4.05358
1.6572 3.87459
1.8268 3.70639
1.9964 3.54832
2.166 3.39978
2.3356 3.26019
2.5052 3.12901
2.6748 3.00573
2.8444 2.88988
3.014 2.78101
3.1836 2.67871
3.3532 2.58256
3.5228 2.49221
3.6924 2.40731
3.862 2.32752
4.0316 2.25254
4.2012 2.18207
4.3708 2.11586
4.5404 2.05363
4.71 1.99515
4.8796 1.9402
5.0492 1.88855
5.2188 1.84002
5.3884 1.79442
5.558 1.75156
5.7276 1.71128
5.8972 1.67343
6.0668 1.63786
6.2364 1.60444
6.406 1.57303
6.5756 1.54351
6.7452 1.51577
6.9148 1.4897
7.0844 1.4652
7.254 1.44218
7.4236 1.42054
7.5932 1.40021
7.7628 1.38111
7.9324 1.36315
8.102 1.34628
8.2716 1.33043
8.4412 1.31552
8.6108 1.30152
8.7804 1.28836
8.95 1.276
9.1196 1.26438
