-5 0.958928 0.958924
-4.8 0.996168 0.996165
-4.6 0.993694 0.993691
-4.4 0.951605 0.951602
-4.2 0.871578 0.871576
-4 0.756804 0.756802
-3.8 0.611859 0.611858
-3.6 0.442521 0.44252
-3.4 0.255541 0.255541
-3.2 0.0583739 0.0583741
-3 -0.141121 -0.14112
-2.8 -0.334989 -0.334988
-2.6 -0.515502 -0.515501
-2.4 -0.675464 -0.675463
-2.2 -0.808498 -0.808496
-2 -0.909299 -0.909297
-1.8 -0.973849 -0.973848
-1.6 -0.999574 -0.999574
-1.4 -0.98545 -0.98545
-1.2 -0.93204 -0.932039
-1 -0.841471 -0.841471
-0.8 -0.717356 -0.717356
-0.6 -0.564643 -0.564642
-0.4 -0.389418 -0.389418
-0.2 -0.198669 -0.198669
2.16493e-15 2.16493e-15 2.16493e-15
0.2 0.198669 0.198669
0.4 0.389418 0.389418
0.6 0.564643 0.564642
0.8 0.717356 0.717356
1 0.841471 0.841471
1.2 0.93204 0.932039
1.4 0.98545 0.98545
1.6 0.999574 0.999574
1.8 0.973849 0.973848
2 0.909299 0.909297
2.2 0.808498 0.808496
2.4 0.675464 0.675463
2.6 0.515502 0.515501
2.8 0.334989 0.334988
3 0.141121 0.14112
3.2 -0.0583739 -0.0583741
3.4 -0.255541 -0.255541
3.6 -0.442521 -0.44252
3.8 -0.611859 -0.611858
4 -0.756804 -0.756802
4.2 -0.871578 -0.871576
4.4 -0.951605 -0.951602
4.6 -0.993694 -0.993691
4.8 -0.996168 -0.996165
