     x        J0        J1
        0         1         0
      0.2      0.99    0.0995
      0.4      0.96     0.196
      0.6     0.912     0.287
      0.8     0.846     0.369
        1     0.765      0.44
      1.2     0.671     0.498
      1.4     0.567     0.542
      1.6     0.455      0.57
      1.8      0.34     0.582
        2     0.224     0.577
      2.2      0.11     0.556
      2.4   0.00251      0.52
      2.6   -0.0968     0.471
      2.8    -0.185      0.41
        3     -0.26     0.339
      3.2     -0.32     0.261
      3.4    -0.364     0.179
      3.6    -0.392    0.0955
      3.8    -0.403    0.0128
        4    -0.397    -0.066
      4.2    -0.377    -0.139
      4.4    -0.342    -0.203
      4.6    -0.296    -0.257
      4.8     -0.24    -0.298
        5    -0.178    -0.328
      5.2     -0.11    -0.343
      5.4   -0.0412    -0.345
      5.6     0.027    -0.334
      5.8    0.0917    -0.311
        6     0.151    -0.277
      6.2     0.202    -0.233
      6.4     0.243    -0.182
      6.6     0.274    -0.125
      6.8     0.293   -0.0652
        7       0.3  -0.00468
      7.2     0.295    0.0543
      7.4     0.279      0.11
      7.6     0.252     0.159
      7.8     0.215     0.201
        8     0.172     0.235
      8.2     0.122     0.258
      8.4    0.0692     0.271
      8.6    0.0146     0.273
      8.8   -0.0392     0.264
        9   -0.0903     0.245
      9.2    -0.137     0.217
      9.4    -0.177     0.182
      9.6    -0.209      0.14
      9.8    -0.232    0.0928
       10    -0.246    0.0435
