           -2.95         -0.99997
           -2.85        -0.999944
           -2.75        -0.999899
           -2.65        -0.999822
           -2.55        -0.999689
           -2.45        -0.999469
           -2.35        -0.999111
           -2.25        -0.998537
           -2.15        -0.997639
           -2.05        -0.996258
           -1.95        -0.994179
           -1.85        -0.991111
           -1.75        -0.986672
           -1.65        -0.980376
           -1.55        -0.971623
           -1.45        -0.959695
           -1.35        -0.943762
           -1.25          -0.9229
           -1.15        -0.896124
           -1.05        -0.862436
           -0.95        -0.820891
           -0.85        -0.770668
           -0.75        -0.711156
           -0.65        -0.642029
           -0.55        -0.563323
           -0.45        -0.475482
           -0.35        -0.379382
           -0.25        -0.276326
           -0.15        -0.167996
           -0.05        -0.056372
            0.05         0.056372
            0.15         0.167996
            0.25         0.276326
            0.35         0.379382
            0.45         0.475482
            0.55         0.563323
            0.65         0.642029
            0.75         0.711156
            0.85         0.770668
            0.95         0.820891
            1.05         0.862436
            1.15         0.896124
            1.25           0.9229
            1.35         0.943762
            1.45         0.959695
            1.55         0.971623
            1.65         0.980376
            1.75         0.986672
            1.85         0.991111
            1.95         0.994179
            2.05         0.996258
            2.15         0.997639
            2.25         0.998537
            2.35         0.999111
            2.45         0.999469
            2.55         0.999689
            2.65         0.999822
            2.75         0.999899
            2.85         0.999944
