# rmax, e
2 -0.126149


# r, Fe(e,r), exact
0 0 0
0.03125 0.0302848 0.0302885
0.0625 0.0586841 0.0587133
0.09375 0.0852638 0.0853603
0.125 0.110088 0.110312
0.15625 0.133219 0.133648
0.1875 0.154718 0.155443
0.21875 0.174643 0.175771
0.25 0.193051 0.1947
0.28125 0.209999 0.212299
0.3125 0.22554 0.22863
0.34375 0.239727 0.243755
0.375 0.25261 0.257733
0.40625 0.264241 0.270621
0.4375 0.274665 0.282471
0.46875 0.283931 0.293336
0.5 0.292084 0.303265
0.53125 0.299168 0.312306
0.5625 0.305226 0.320503
0.59375 0.310298 0.3279
0.625 0.314427 0.334538
0.65625 0.31765 0.340458
0.6875 0.320006 0.345697
0.71875 0.321532 0.350291
0.75 0.322263 0.354275
0.78125 0.322234 0.357682
0.8125 0.321479 0.360545
0.84375 0.32003 0.362892
0.875 0.31792 0.364754
0.90625 0.315177 0.366158
0.9375 0.311833 0.36713
0.96875 0.307917 0.367696
1 0.303455 0.367879
1.03125 0.298475 0.367704
1.0625 0.293004 0.36719
1.09375 0.287066 0.36636
1.125 0.280685 0.365234
1.15625 0.273887 0.36383
1.1875 0.266694 0.362167
1.21875 0.259127 0.360262
1.25 0.251209 0.358131
1.28125 0.242961 0.35579
1.3125 0.234402 0.353255
1.34375 0.225551 0.350538
1.375 0.216429 0.347654
1.40625 0.207052 0.344616
1.4375 0.197439 0.341436
1.46875 0.187606 0.338125
1.5 0.177569 0.334695
1.53125 0.167345 0.331156
1.5625 0.156949 0.327518
1.59375 0.146396 0.32379
1.625 0.135699 0.319981
1.65625 0.124872 0.316101
1.6875 0.113929 0.312156
1.71875 0.102882 0.308155
1.75 0.0917429 0.304104
1.78125 0.0805244 0.300011
1.8125 0.0692374 0.295882
1.84375 0.0578928 0.291724
1.875 0.0465011 0.287541
1.90625 0.0350724 0.283339
1.9375 0.0236163 0.279123
1.96875 0.0121423 0.274899
2 0.000659132 0.270671


# rmax, e
3 -0.424137


# r, Fe(e,r), exact
0 0 0
0.046875 0.0447259 0.0447284
0.09375 0.0853407 0.0853603
0.140625 0.122113 0.122177
0.1875 0.155296 0.155443
0.234375 0.185127 0.185406
0.28125 0.211831 0.212299
0.328125 0.235619 0.23634
0.375 0.256689 0.257733
0.421875 0.275229 0.276672
0.46875 0.291414 0.293336
0.515625 0.30541 0.307894
0.5625 0.317371 0.320503
0.609375 0.327443 0.331311
0.65625 0.335763 0.340458
0.703125 0.342461 0.348072
0.75 0.347655 0.354275
0.796875 0.35146 0.35918
0.84375 0.353982 0.362892
0.890625 0.355319 0.365512
0.9375 0.355564 0.36713
0.984375 0.354805 0.367834
1.03125 0.353123 0.367704
1.07812 0.350594 0.366814
1.125 0.347289 0.365234
1.17188 0.343274 0.36303
1.21875 0.338612 0.360262
1.26562 0.333359 0.356986
1.3125 0.32757 0.353255
1.35938 0.321294 0.349116
1.40625 0.314578 0.344616
1.45312 0.307466 0.339796
1.5 0.299996 0.334695
1.54688 0.292206 0.329349
1.59375 0.284131 0.32379
1.64062 0.275801 0.31805
1.6875 0.267247 0.312156
1.73438 0.258495 0.306135
1.78125 0.249569 0.300011
1.82812 0.240492 0.293806
1.875 0.231286 0.287541
1.92188 0.221968 0.281232
1.96875 0.212557 0.274899
2.01562 0.203067 0.268556
2.0625 0.193513 0.262217
2.10938 0.183907 0.255896
2.15625 0.17426 0.249604
2.20312 0.164583 0.243352
2.25 0.154885 0.237148
2.29688 0.145172 0.231003
2.34375 0.135453 0.224923
2.39062 0.125731 0.218915
2.4375 0.116013 0.212986
2.48438 0.106302 0.207141
2.53125 0.0966008 0.201385
2.57812 0.086912 0.195721
2.625 0.0772369 0.190154
2.67188 0.0675765 0.184687
2.71875 0.0579308 0.179321
2.76562 0.0482994 0.174059
2.8125 0.0386813 0.168904
2.85938 0.0290747 0.163855
2.90625 0.0194776 0.158915
2.95312 0.00988737 0.154083
3 0.000300771 0.149361


# rmax, e
4 -0.483364


# r, Fe(e,r), exact
0 0 0
0.0625 0.0587119 0.0587133
0.125 0.110302 0.110312
0.1875 0.15541 0.155443
0.25 0.194626 0.1947
0.3125 0.228492 0.22863
0.375 0.257504 0.257733
0.4375 0.282121 0.282471
0.5 0.302763 0.303265
0.5625 0.319814 0.320503
0.625 0.33363 0.334538
0.6875 0.344532 0.345697
0.75 0.352818 0.354275
0.8125 0.358759 0.360545
0.875 0.362604 0.364754
0.9375 0.364579 0.36713
1 0.364891 0.367879
1.0625 0.363728 0.36719
1.125 0.361264 0.365234
1.1875 0.357654 0.362167
1.25 0.35304 0.358131
1.3125 0.347552 0.353255
1.375 0.341307 0.347654
1.4375 0.33441 0.341436
1.5 0.326958 0.334695
1.5625 0.319038 0.327518
1.625 0.310726 0.319981
1.6875 0.302093 0.312156
1.75 0.293202 0.304104
1.8125 0.284108 0.295882
1.875 0.274862 0.287541
1.9375 0.265509 0.279123
2 0.256087 0.270671
2.0625 0.246632 0.262217
2.125 0.237173 0.253795
2.1875 0.227738 0.245431
2.25 0.218349 0.237148
2.3125 0.209026 0.228969
2.375 0.199786 0.220909
2.4375 0.190644 0.212986
2.5 0.18161 0.205212
2.5625 0.172694 0.197599
2.625 0.163903 0.190154
2.6875 0.155244 0.182887
2.75 0.146719 0.175802
2.8125 0.138332 0.168904
2.875 0.130082 0.162196
2.9375 0.121971 0.155682
3 0.113995 0.149361
3.0625 0.106153 0.143235
3.125 0.0984406 0.137303
3.1875 0.090854 0.131564
3.25 0.0833877 0.126016
3.3125 0.0760358 0.120658
3.375 0.0687917 0.115486
3.4375 0.0616481 0.110498
3.5 0.0545971 0.105691
3.5625 0.0476303 0.10106
3.625 0.0407389 0.096603
3.6875 0.0339135 0.0923148
3.75 0.0271442 0.0881915
3.8125 0.0204209 0.0842291
3.875 0.0137329 0.0804231
3.9375 0.00706901 0.076769
4 0.000417766 0.0732626


# rmax, e
5 -0.496499


# r, Fe(e,r), exact
0 0 0
0.078125 0.0722532 0.0722538
0.15625 0.133644 0.133648
0.234375 0.185393 0.185406
0.3125 0.228601 0.22863
0.390625 0.264256 0.26431
0.46875 0.293247 0.293336
0.546875 0.316372 0.316507
0.625 0.334347 0.334538
0.703125 0.347812 0.348072
0.78125 0.357342 0.357682
0.859375 0.363449 0.363882
0.9375 0.366593 0.36713
1.01562 0.367181 0.367835
1.09375 0.365578 0.36636
1.17188 0.362108 0.36303
1.25 0.357057 0.358131
1.32812 0.350681 0.351918
1.40625 0.343206 0.344616
1.48438 0.334829 0.336425
1.5625 0.325726 0.327518
1.64062 0.316051 0.31805
1.71875 0.305939 0.308155
1.79688 0.295507 0.297951
1.875 0.284857 0.287541
1.95312 0.274078 0.277012
2.03125 0.263246 0.266442
2.10938 0.252427 0.255896
2.1875 0.241676 0.245431
2.26562 0.23104 0.235093
2.34375 0.22056 0.224923
2.42188 0.210267 0.214954
2.5 0.200188 0.205212
2.57812 0.190345 0.195721
2.65625 0.180754 0.186498
2.73438 0.171427 0.177555
2.8125 0.162373 0.168904
2.89062 0.153599 0.16055
2.96875 0.145107 0.152497
3.04688 0.136897 0.144748
3.125 0.128969 0.137303
3.20312 0.121318 0.130159
3.28125 0.11394 0.123313
3.35938 0.106829 0.116762
3.4375 0.099977 0.110498
3.51562 0.0933757 0.104517
3.59375 0.087016 0.0988103
3.67188 0.0808881 0.0933712
3.75 0.0749814 0.0881915
3.82812 0.0692852 0.0832631
3.90625 0.0637879 0.0785773
3.98438 0.0584779 0.0741256
4.0625 0.0533431 0.0698992
4.14062 0.0483712 0.0658894
4.21875 0.0435498 0.0620875
4.29688 0.0388664 0.0584849
4.375 0.0343082 0.0550731
4.45312 0.0298622 0.0518439
4.53125 0.0255153 0.0487889
4.60938 0.0212544 0.0459003
4.6875 0.0170659 0.0431704
4.76562 0.0129363 0.0405915
4.84375 0.00885195 0.0381564
4.92188 0.00479905 0.0358581
5 0.000763311 0.0336897


# rmax, e
10 -0.499999


# r, Fe(e,r), exact
0 0 0
0.15625 0.133648 0.133648
0.3125 0.22863 0.22863
0.46875 0.293336 0.293336
0.625 0.334538 0.334538
0.78125 0.357682 0.357682
0.9375 0.36713 0.36713
1.09375 0.36636 0.36636
1.25 0.358131 0.358131
1.40625 0.344616 0.344616
1.5625 0.327518 0.327518
1.71875 0.308155 0.308155
1.875 0.28754 0.287541
2.03125 0.266442 0.266442
2.1875 0.24543 0.245431
2.34375 0.224923 0.224923
2.5 0.205212 0.205212
2.65625 0.186497 0.186498
2.8125 0.168903 0.168904
2.96875 0.152496 0.152497
3.125 0.137302 0.137303
3.28125 0.123312 0.123313
3.4375 0.110497 0.110498
3.59375 0.0988084 0.0988103
3.75 0.0881891 0.0881915
3.90625 0.0785746 0.0785773
4.0625 0.0698961 0.0698992
4.21875 0.0620837 0.0620875
4.375 0.0550688 0.0550731
4.53125 0.0487841 0.0487889
4.6875 0.0431649 0.0431704
4.84375 0.0381501 0.0381564
5 0.0336827 0.0336897
5.15625 0.0297089 0.0297169
5.3125 0.0261794 0.0261884
5.46875 0.0230488 0.023059
5.625 0.0202755 0.0202869
5.78125 0.0178214 0.0178343
5.9375 0.0156521 0.0156668
6.09375 0.0137367 0.0137532
6.25 0.0120467 0.0120653
6.40625 0.0105569 0.010578
6.5625 0.00924459 0.00926855
6.71875 0.00808942 0.00811657
6.875 0.00707309 0.00710392
7.03125 0.00617931 0.0062144
7.1875 0.0053937 0.00543358
7.34375 0.00470325 0.00474862
7.5 0.00409642 0.00414813
7.65625 0.003563 0.003622
7.8125 0.00309401 0.00316129
7.96875 0.00268128 0.00275807
8.125 0.00231764 0.00240536
8.28125 0.00199666 0.00209698
8.4375 0.00171279 0.00182749
8.59375 0.00146086 0.00159208
8.75 0.00123634 0.00138654
8.90625 0.00103509 0.00120715
9.0625 0.000853482 0.00105064
9.21875 0.000688181 0.000914155
9.375 0.000536052 0.000795171
9.53125 0.000394224 0.000691482
9.6875 0.000259981 0.000601151
9.84375 0.000130809 0.000522486
10 4.21493e-06 0.000453999


