0 1
0.05 0.960041
0.1 0.920228
0.15 0.880657
0.2 0.841422
0.25 0.80262
0.3 0.764343
0.35 0.726684
0.4 0.689735
0.45 0.653586
0.5 0.618323
0.55 0.584034
0.6 0.550801
0.65 0.518706
0.7 0.487828
0.75 0.458242
0.8 0.43002
0.85 0.403232
0.9 0.377945
0.95 0.354219
1 0.332113
1.05 0.311682
1.1 0.292977
1.15 0.276043
1.2 0.260922
1.25 0.247653
1.3 0.236266
1.35 0.226792
1.4 0.219252
1.45 0.213667
1.5 0.210049
1.55 0.208408
1.6 0.208748
1.65 0.211067
1.7 0.215361
1.75 0.221618
1.8 0.229823
1.85 0.239956
1.9 0.251992
1.95 0.2659
2 0.281647
2.05 0.299193
2.1 0.318495
2.15 0.339506
2.2 0.362173
2.25 0.386442
2.3 0.412251
2.35 0.439538
2.4 0.468235
2.45 0.498273
2.5 0.529577
2.55 0.562071
2.6 0.595675
2.65 0.630308
2.7 0.665884
2.75 0.702318
2.8 0.739521
2.85 0.777401
2.9 0.815869
2.95 0.85483
3 0.894191
3.05 0.933856
3.1 0.973729
3.15 1.01372
3.2 1.05372
3.25 1.09365
3.3 1.1334
3.35 1.17288
3.4 1.212
3.45 1.25066
3.5 1.28877
3.55 1.32625
3.6 1.363
3.65 1.39893
3.7 1.43396
3.75 1.46801
3.8 1.501
3.85 1.53285
3.9 1.56349
3.95 1.59284
4 1.62083
4.05 1.64741
4.1 1.6725
4.15 1.69605
4.2 1.718
4.25 1.73831
4.3 1.75693
4.35 1.7738
4.4 1.7889
4.45 1.80219
4.5 1.81363
4.55 1.8232
4.6 1.83089
4.65 1.83666
4.7 1.84051
4.75 1.84243
4.8 1.84242
4.85 1.84047
4.9 1.83658
4.95 1.83078
5 1.82306
5.05 1.81346
5.1 1.80198
5.15 1.78866
5.2 1.77353
5.25 1.75663
5.3 1.73799
5.35 1.71765
5.4 1.69567
5.45 1.6721
5.5 1.64698
5.55 1.62038
5.6 1.59236
5.65 1.56299
5.7 1.53233
5.75 1.50046
5.8 1.46746
5.85 1.43339
5.9 1.39834
5.95 1.36239
6 1.32563
6.05 1.28814
6.1 1.25002
6.15 1.21135
6.2 1.17223
6.25 1.13274
6.3 1.09298
6.35 1.05306
6.4 1.01305
6.45 0.973066
6.5 0.933195
6.55 0.893534
6.6 0.854179
6.65 0.815226
6.7 0.776767
6.75 0.738897
6.8 0.701706
6.85 0.665286
6.9 0.629724
6.95 0.595108
7 0.561521
7.05 0.529047
7.1 0.497763
7.15 0.467747
7.2 0.439073
7.25 0.41181
7.3 0.386026
7.35 0.361784
7.4 0.339143
7.45 0.31816
7.5 0.298887
7.55 0.28137
7.6 0.265654
7.65 0.251776
7.7 0.239772
7.75 0.229671
7.8 0.221498
7.85 0.215273
7.9 0.211013
7.95 0.208726
8 0.208419
8.05 0.210093
8.1 0.213744
8.15 0.219362
8.2 0.226933
8.25 0.23644
8.3 0.247858
8.35 0.261159
8.4 0.27631
8.45 0.293273
8.5 0.312008
8.55 0.332467
8.6 0.3546
8.65 0.378352
8.7 0.403665
8.75 0.430478
8.8 0.458722
8.85 0.488331
8.9 0.51923
8.95 0.551344
9 0.584595
9.05 0.618901
9.1 0.654179
9.15 0.690343
9.2 0.727305
9.25 0.764974
9.3 0.803261
9.35 0.842071
9.4 0.881312
9.45 0.920888
9.5 0.960704
9.55 1.00066
9.6 1.04067
9.65 1.08064
9.7 1.12045
9.75 1.16003
9.8 1.19928
9.85 1.2381
9.9 1.2764
9.95 1.3141
10 1.35109
10.05 1.3873
10.1 1.42264
10.15 1.45702
10.2 1.49036
10.25 1.52259
10.3 1.55363
10.35 1.58341
10.4 1.61185
10.45 1.6389
10.5 1.66448
10.55 1.68854
10.6 1.71102
10.65 1.73187
10.7 1.75104
10.75 1.76849
10.8 1.78417
10.85 1.79805
10.9 1.8101
10.95 1.82029
11 1.82859
11.05 1.83499
11.1 1.83947
11.15 1.84202
11.2 1.84264
11.25 1.84131
11.3 1.83806
11.35 1.83288
11.4 1.82579
11.45 1.8168
11.5 1.80593
11.55 1.79321
11.6 1.77867
11.65 1.76234
11.7 1.74426
11.75 1.72447
11.8 1.70302
11.85 1.67996
11.9 1.65534
11.95 1.62922
12 1.60166
12.05 1.57272
12.1 1.54247
12.15 1.51099
12.2 1.47835
12.25 1.44461
12.3 1.40988
12.35 1.37421
12.4 1.33771
12.45 1.30045
12.5 1.26252
12.55 1.22402
12.6 1.18503
12.65 1.14565
12.7 1.10598
12.75 1.0661
12.8 1.02611
12.85 0.986103
12.9 0.946184
12.95 0.906444
13 0.866979
13.05 0.827884
13.1 0.789253
13.15 0.751181
13.2 0.713759
13.25 0.677077
13.3 0.641226
13.35 0.606292
13.4 0.57236
13.45 0.539514
13.5 0.507833
13.55 0.477396
13.6 0.448276
13.65 0.420545
13.7 0.394271
13.75 0.369519
13.8 0.34635
13.85 0.32482
13.9 0.304984
13.95 0.286889
14 0.270581
14.05 0.256099
14.1 0.243481
14.15 0.232756
14.2 0.223951
14.25 0.217089
14.3 0.212186
14.35 0.209254
14.4 0.208301
14.45 0.209329
14.5 0.212336
14.55 0.217313
14.6 0.22425
14.65 0.233127
14.7 0.243925
14.75 0.256614
14.8 0.271166
14.85 0.287542
14.9 0.305704
14.95 0.325606
15 0.347198
15.05 0.370429
15.1 0.39524
15.15 0.42157
15.2 0.449355
15.25 0.478526
15.3 0.509012
15.35 0.540738
15.4 0.573627
15.45 0.607598
15.5 0.642569
15.55 0.678453
15.6 0.715164
15.65 0.752613
15.7 0.790708
15.75 0.829358
15.8 0.868468
15.85 0.907946
15.9 0.947694
15.95 0.987618
16 1.02762
16.05 1.06761
16.1 1.10748
16.15 1.14715
16.2 1.18652
16.25 1.22549
16.3 1.26397
16.35 1.30187
16.4 1.33911
16.45 1.37558
16.5 1.41121
16.55 1.44591
16.6 1.4796
16.65 1.51221
16.7 1.54364
16.75 1.57384
16.8 1.60273
16.85 1.63023
16.9 1.6563
16.95 1.68086
17 1.70386
17.05 1.72525
17.1 1.74498
17.15 1.76299
17.2 1.77925
17.25 1.79372
17.3 1.80637
17.35 1.81717
17.4 1.82609
17.45 1.83311
17.5 1.83822
17.55 1.8414
17.6 1.84265
17.65 1.84196
17.7 1.83933
17.75 1.83478
17.8 1.82831
17.85 1.81994
17.9 1.80968
17.95 1.79756
18 1.78361
18.05 1.76786
18.1 1.75035
18.15 1.73111
18.2 1.7102
18.25 1.68766
18.3 1.66354
18.35 1.6379
18.4 1.6108
18.45 1.58231
18.5 1.55248
18.55 1.52139
18.6 1.48912
18.65 1.45573
18.7 1.42131
18.75 1.38594
18.8 1.3497
18.85 1.31268
18.9 1.27496
18.95 1.23664
19 1.1978
19.05 1.15854
19.1 1.11895
19.15 1.07912
19.2 1.03916
19.25 0.999148
19.3 0.959192
19.35 0.919383
19.4 0.879818
19.45 0.840592
19.5 0.801799
19.55 0.763535
19.6 0.72589
19.65 0.688957
19.7 0.652825
19.75 0.617583
19.8 0.583315
19.85 0.550106
19.9 0.518036
19.95 0.487184
20 0.457626
20.05 0.429435
20.1 0.402678
20.15 0.377423
20.2 0.353731
20.25 0.33166
20.3 0.311266
20.35 0.292598
20.4 0.275702
20.45 0.260621
20.5 0.247391
20.55 0.236045
20.6 0.226611
20.65 0.219113
20.7 0.213569
20.75 0.209994
20.8 0.208395
20.85 0.208776
20.9 0.211138
20.95 0.215474
21 0.221773
21.05 0.230019
21.1 0.240193
21.15 0.252268
21.2 0.266216
21.25 0.282002
21.3 0.299586
21.35 0.318925
21.4 0.339971
21.45 0.362674
21.5 0.386975
21.55 0.412817
21.6 0.440134
21.65 0.468861
21.7 0.498926
21.75 0.530257
21.8 0.562775
21.85 0.596402
21.9 0.631055
21.95 0.666651
22 0.703102
22.05 0.74032
22.1 0.778215
22.15 0.816694
22.2 0.855664
22.25 0.895032
22.3 0.934703
22.35 0.97458
22.4 1.01457
22.45 1.05457
22.5 1.09449
22.55 1.13424
22.6 1.17372
22.65 1.21283
22.7 1.25148
22.75 1.28958
22.8 1.32704
22.85 1.36377
22.9 1.39968
22.95 1.4347
23 1.46873
23.05 1.50169
23.1 1.53352
23.15 1.56413
23.2 1.59345
23.25 1.62141
23.3 1.64796
23.35 1.67302
23.4 1.69653
23.45 1.71845
23.5 1.73873
23.55 1.7573
23.6 1.77414
23.65 1.7892
23.7 1.80245
23.75 1.81385
23.8 1.82339
23.85 1.83103
23.9 1.83676
23.95 1.84057
24 1.84245
24.05 1.8424
24.1 1.8404
24.15 1.83648
24.2 1.83063
24.25 1.82288
24.3 1.81323
24.35 1.80172
24.4 1.78836
24.45 1.77319
24.5 1.75625
24.55 1.73757
24.6 1.7172
24.65 1.69519
24.7 1.67158
24.75 1.64643
24.8 1.6198
24.85 1.59175
24.9 1.56235
24.95 1.53167
25 1.49977
25.05 1.46674
25.1 1.43265
25.15 1.39758
25.2 1.36162
25.25 1.32484
25.3 1.28734
25.35 1.2492
25.4 1.21052
25.45 1.17139
25.5 1.13189
25.55 1.09213
25.6 1.0522
25.65 1.0122
25.7 0.972215
25.75 0.932348
25.8 0.892693
25.85 0.853345
25.9 0.814401
25.95 0.775954
26 0.738097
26.05 0.700922
26.1 0.664519
26.15 0.628977
26.2 0.594382
26.25 0.560818
26.3 0.528368
26.35 0.497111
26.4 0.467123
26.45 0.438477
26.5 0.411245
26.55 0.385493
26.6 0.361285
26.65 0.338679
26.7 0.317732
26.75 0.298495
26.8 0.281017
26.85 0.265339
26.9 0.251501
26.95 0.239537
27 0.229477
27.05 0.221345
27.1 0.215162
27.15 0.210943
27.2 0.208699
27.25 0.208434
27.3 0.21015
27.35 0.213843
27.4 0.219503
27.45 0.227116
27.5 0.236663
27.55 0.248122
27.6 0.261462
27.65 0.276652
27.7 0.293654
27.75 0.312426
27.8 0.332921
27.85 0.355089
27.9 0.378875
27.95 0.404221
28 0.431064
28.05 0.459339
28.1 0.488975
28.15 0.519901
28.2 0.55204
28.25 0.585315
28.3 0.619642
28.35 0.65494
28.4 0.691122
28.45 0.7281
28.5 0.765783
28.55 0.804082
28.6 0.842902
28.65 0.882151
28.7 0.921733
28.75 0.961554
28.8 1.00152
28.85 1.04153
28.9 1.08148
28.95 1.1213
29 1.16087
29.05 1.20011
29.1 1.23892
29.15 1.27721
29.2 1.31489
29.25 1.35187
29.3 1.38806
29.35 1.42338
29.4 1.45774
29.45 1.49106
29.5 1.52327
29.55 1.55428
29.6 1.58403
29.65 1.61244
29.7 1.63946
29.75 1.66501
29.8 1.68904
29.85 1.71148
29.9 1.7323
29.95 1.75143
30 1.76884
30.05 1.78449
30.1 1.79833
30.15 1.81034
30.2 1.82048
30.25 1.82875
30.3 1.8351
30.35 1.83954
30.4 1.84205
30.45 1.84263
30.5 1.84127
30.55 1.83797
30.6 1.83275
30.65 1.82561
30.7 1.81658
30.75 1.80568
30.8 1.79292
30.85 1.77834
30.9 1.76197
30.95 1.74385
31 1.72403
31.05 1.70255
31.1 1.67945
31.15 1.6548
31.2 1.62864
31.25 1.60105
31.3 1.57209
31.35 1.54182
31.4 1.51031
31.45 1.47764
31.5 1.44388
31.55 1.40913
31.6 1.37344
31.65 1.33692
31.7 1.29965
31.75 1.26171
31.8 1.2232
31.85 1.1842
31.9 1.14481
31.95 1.10513
32 1.06524
32.05 1.02525
32.1 0.985252
32.15 0.945335
32.2 0.9056
32.25 0.866142
32.3 0.827056
32.35 0.788437
32.4 0.750377
32.45 0.71297
32.5 0.676305
32.55 0.640472
32.6 0.605559
32.65 0.57165
32.7 0.538827
32.75 0.507172
32.8 0.476762
32.85 0.447671
32.9 0.41997
32.95 0.393728
33 0.369009
33.05 0.345874
33.1 0.32438
33.15 0.30458
33.2 0.286523
33.25 0.270253
33.3 0.255811
33.35 0.243232
33.4 0.232548
33.45 0.223785
33.5 0.216964
33.55 0.212103
33.6 0.209213
33.65 0.208303
33.7 0.209373
33.75 0.212421
33.8 0.217441
33.85 0.224419
33.9 0.233337
33.95 0.244175
34 0.256905
34.05 0.271496
34.1 0.287911
34.15 0.30611
34.2 0.326048
34.25 0.347676
34.3 0.370941
34.35 0.395784
34.4 0.422146
34.45 0.449961
34.5 0.479161
34.55 0.509675
34.6 0.541427
34.65 0.57434
34.7 0.608333
34.75 0.643323
34.8 0.679226
34.85 0.715954
34.9 0.753417
34.95 0.791526
35 0.830186
35.05 0.869305
35.1 0.908789
35.15 0.948542
35.2 0.988469
35.25 1.02847
35.3 1.06846
35.35 1.10833
35.4 1.14799
35.45 1.18735
35.5 1.22631
35.55 1.26478
35.6 1.30267
35.65 1.33989
35.7 1.37635
35.75 1.41196
35.8 1.44664
35.85 1.48031
35.9 1.51289
35.95 1.5443
36 1.57447
36.05 1.60333
36.1 1.6308
36.15 1.65684
36.2 1.68137
36.25 1.70434
36.3 1.72569
36.35 1.74538
36.4 1.76335
36.45 1.77958
36.5 1.79401
36.55 1.80662
36.6 1.81738
36.65 1.82626
36.7 1.83324
36.75 1.83831
36.8 1.84145
36.85 1.84265
36.9 1.84192
36.95 1.83926
37 1.83466
37.05 1.82815
37.1 1.81974
37.15 1.80944
37.2 1.79728
37.25 1.78329
37.3 1.7675
37.35 1.74995
37.4 1.73068
37.45 1.70974
37.5 1.68716
37.55 1.66301
37.6 1.63734
37.65 1.61021
37.7 1.58168
37.75 1.55183
37.8 1.52072
37.85 1.48842
37.9 1.45501
37.95 1.42057
38 1.38518
38.05 1.34892
38.1 1.31189
38.15 1.27415
38.2 1.23582
38.25 1.19697
38.3 1.1577
38.35 1.1181
38.4 1.07827
38.45 1.03831
38.5 0.998297
38.55 0.958342
38.6 0.918537
38.65 0.878979
38.7 0.839761
38.75 0.800979
38.8 0.762726
38.85 0.725096
38.9 0.688179
38.95 0.652065
39 0.616843
39.05 0.582597
39.1 0.549411
39.15 0.517366
39.2 0.486541
39.25 0.457012
39.3 0.42885
39.35 0.402125
39.4 0.376902
39.45 0.353244
39.5 0.331209
39.55 0.31085
39.6 0.29222
39.65 0.275362
39.7 0.26032
39.75 0.247129
39.8 0.235824
39.85 0.226431
39.9 0.218975
39.95 0.213473
40 0.209939
40.05 0.208382
40.1 0.208806
40.15 0.21121
40.2 0.215587
40.25 0.221928
40.3 0.230216
40.35 0.24043
40.4 0.252546
40.45 0.266533
40.5 0.282357
40.55 0.299979
40.6 0.319355
40.65 0.340438
40.7 0.363174
40.75 0.38751
40.8 0.413383
40.85 0.440732
40.9 0.469487
40.95 0.49958
41 0.530937
41.05 0.563479
41.1 0.597129
41.15 0.631804
41.2 0.667419
41.25 0.703887
41.3 0.74112
41.35 0.779028
41.4 0.817519
41.45 0.856499
41.5 0.895874
41.55 0.93555
41.6 0.97543
41.65 1.01542
41.7 1.05542
41.75 1.09534
41.8 1.13508
41.85 1.17455
41.9 1.21365
41.95 1.25229
42 1.29038
42.05 1.32783
42.1 1.36454
42.15 1.40044
42.2 1.43543
42.25 1.46944
42.3 1.50238
42.35 1.53418
42.4 1.56477
42.45 1.59406
42.5 1.62199
42.55 1.64851
42.6 1.67353
42.65 1.69702
42.7 1.7189
42.75 1.73914
42.8 1.75768
42.85 1.77448
42.9 1.7895
42.95 1.80271
43 1.81408
43.05 1.82357
43.1 1.83117
43.15 1.83687
43.2 1.84063
43.25 1.84247
43.3 1.84237
43.35 1.84034
43.4 1.83637
43.45 1.83049
43.5 1.82269
43.55 1.813
43.6 1.80145
43.65 1.78806
43.7 1.77285
43.75 1.75587
43.8 1.73716
43.85 1.71675
43.9 1.6947
43.95 1.67106
44 1.64588
44.05 1.61922
44.1 1.59114
44.15 1.56171
44.2 1.531
44.25 1.49908
44.3 1.46603
44.35 1.43192
44.4 1.39683
44.45 1.36084
44.5 1.32405
44.55 1.28653
44.6 1.24839
44.65 1.20969
44.7 1.17055
44.75 1.13105
44.8 1.09129
44.85 1.05135
44.9 1.01135
44.95 0.971365
45 0.931501
45.05 0.891851
45.1 0.852512
45.15 0.813577
45.2 0.775142
45.25 0.737299
45.3 0.700139
45.35 0.663753
45.4 0.62823
45.45 0.593656
45.5 0.560116
45.55 0.52769
45.6 0.496459
45.65 0.466499
45.7 0.437883
45.75 0.410681
45.8 0.384962
45.85 0.360786
45.9 0.338216
45.95 0.317304
46 0.298105
46.05 0.280664
46.1 0.265025
46.15 0.251227
46.2 0.239303
46.25 0.229284
46.3 0.221193
46.35 0.215052
46.4 0.210875
46.45 0.208672
46.5 0.20845
46.55 0.210208
46.6 0.213943
46.65 0.219644
46.7 0.227299
46.75 0.236887
46.8 0.248386
46.85 0.261766
46.9 0.276995
46.95 0.294035
47 0.312844
47.05 0.333375
47.1 0.355578
47.15 0.379399
47.2 0.404777
47.25 0.431651
47.3 0.459956
47.35 0.489621
47.4 0.520573
47.45 0.552737
47.5 0.586035
47.55 0.620384
47.6 0.655702
47.65 0.691901
47.7 0.728895
47.75 0.766593
47.8 0.804903
47.85 0.843734
47.9 0.882991
47.95 0.922579
48 0.962403
48.05 1.00237
48.1 1.04238
48.15 1.08233
48.2 1.12214
48.25 1.16171
48.3 1.20094
48.35 1.23974
48.4 1.27802
48.45 1.31569
48.5 1.35265
48.55 1.38882
48.6 1.42412
48.65 1.45846
48.7 1.49176
48.75 1.52394
48.8 1.55493
48.85 1.58465
48.9 1.61303
48.95 1.64002
49 1.66554
49.05 1.68953
49.1 1.71194
49.15 1.73272
49.2 1.75182
49.25 1.76919
49.3 1.7848
49.35 1.7986
49.4 1.81057
49.45 1.82068
49.5 1.8289
49.55 1.83522
49.6 1.83962
49.65 1.84209
49.7 1.84262
49.75 1.84122
49.8 1.83788
49.85 1.83262
49.9 1.82544
49.95 1.81637
50 1.80542
50.05 1.79263
50.1 1.77801
50.15 1.7616
50.2 1.74345
50.25 1.72359
50.3 1.70207
50.35 1.67894
50.4 1.65426
50.45 1.62807
50.5 1.60045
50.55 1.57146
50.6 1.54116
50.65 1.50962
50.7 1.47693
50.75 1.44316
50.8 1.40838
50.85 1.37267
50.9 1.33614
50.95 1.29885
51 1.26089
51.05 1.22237
51.1 1.18336
51.15 1.14397
51.2 1.10428
51.25 1.06439
51.3 1.0244
51.35 0.984401
51.4 0.944487
51.45 0.904757
51.5 0.865306
51.55 0.826229
51.6 0.78762
51.65 0.749574
51.7 0.712181
51.75 0.675533
51.8 0.639719
51.85 0.604826
51.9 0.570939
51.95 0.538141
52 0.506512
52.05 0.476128
52.1 0.447066
52.15 0.419396
52.2 0.393186
52.25 0.3685
52.3 0.345399
52.35 0.323941
52.4 0.304177
52.45 0.286158
52.5 0.269927
52.55 0.255524
52.6 0.242985
52.65 0.232341
52.7 0.223619
52.75 0.21684
52.8 0.212021
52.85 0.209173
52.9 0.208305
52.95 0.209417
53 0.212508
53.05 0.217569
53.1 0.224588
53.15 0.233548
53.2 0.244426
53.25 0.257196
53.3 0.271826
53.35 0.28828
53.4 0.306516
53.45 0.326491
53.5 0.348155
53.55 0.371453
53.6 0.39633
53.65 0.422724
53.7 0.450569
53.75 0.479798
53.8 0.510338
53.85 0.542116
53.9 0.575052
53.95 0.609068
54 0.644079
54.05 0.68
54.1 0.716744
54.15 0.754222
54.2 0.792343
54.25 0.831014
54.3 0.870143
54.35 0.909633
54.4 0.949391
54.45 0.98932
54.5 1.02933
54.55 1.06931
54.6 1.10918
54.65 1.14884
54.7 1.18819
54.75 1.22714
54.8 1.2656
54.85 1.30347
54.9 1.34067
54.95 1.37711
55 1.41271
55.05 1.44737
55.1 1.48101
55.15 1.51357
55.2 1.54495
55.25 1.5751
55.3 1.60393
55.35 1.63137
55.4 1.65738
55.45 1.68187
55.5 1.70481
55.55 1.72613
55.6 1.74578
55.65 1.76372
55.7 1.7799
55.75 1.7943
55.8 1.80687
55.85 1.81759
55.9 1.82643
55.95 1.83337
56 1.83839
56.05 1.84149
56.1 1.84266
56.15 1.84189
56.2 1.83918
56.25 1.83454
56.3 1.82799
56.35 1.81954
56.4 1.8092
56.45 1.797
56.5 1.78298
56.55 1.76715
56.6 1.74956
56.65 1.73025
56.7 1.70927
56.75 1.68666
56.8 1.66248
56.85 1.63678
56.9 1.60962
56.95 1.58106
57 1.55118
57.05 1.52004
57.1 1.48772
57.15 1.45429
57.2 1.41983
57.25 1.38442
57.3 1.34814
57.35 1.31109
57.4 1.27334
57.45 1.235
57.5 1.19614
57.55 1.15686
57.6 1.11726
57.65 1.07742
57.7 1.03745
57.75 0.997445
57.8 0.957493
57.85 0.917692
57.9 0.87814
57.95 0.83893
58 0.800159
58.05 0.761919
58.1 0.724302
58.15 0.687402
58.2 0.651306
58.25 0.616103
58.3 0.581879
58.35 0.548716
58.4 0.516697
58.45 0.485899
58.5 0.456398
58.55 0.428266
58.6 0.401572
58.65 0.376382
58.7 0.352758
58.75 0.330758
58.8 0.310436
58.85 0.291842
58.9 0.275023
58.95 0.260019
59 0.246869
59.05 0.235604
59.1 0.226252
59.15 0.218837
59.2 0.213377
59.25 0.209885
59.3 0.208371
59.35 0.208837
59.4 0.211282
59.45 0.215702
59.5 0.222084
59.55 0.230413
59.6 0.240668
59.65 0.252824
59.7 0.266851
59.75 0.282714
59.8 0.300374
59.85 0.319786
59.9 0.340905
59.95 0.363676
60 0.388045
60.05 0.41395
60.1 0.441329
60.15 0.470114
60.2 0.500235
60.25 0.531617
60.3 0.564185
60.35 0.597857
60.4 0.632552
60.45 0.668186
60.5 0.704672
60.55 0.741921
60.6 0.779842
60.65 0.818344
60.7 0.857333
60.75 0.896716
60.8 0.936397
60.85 0.976281
60.9 1.01627
60.95 1.05627
61 1.09619
61.05 1.13593
61.1 1.17539
61.15 1.21448
61.2 1.25311
61.25 1.29119
61.3 1.32862
61.35 1.36532
61.4 1.40119
61.45 1.43617
61.5 1.47015
61.55 1.50307
61.6 1.53485
61.65 1.5654
61.7 1.59467
61.75 1.62257
61.8 1.64906
61.85 1.67405
61.9 1.6975
61.95 1.71935
62 1.73955
62.05 1.75806
62.1 1.77482
62.15 1.7898
62.2 1.80297
62.25 1.8143
62.3 1.82375
62.35 1.83131
62.4 1.83697
62.45 1.84069
62.5 1.84249
62.55 1.84235
62.6 1.84027
62.65 1.83627
62.7 1.83034
62.75 1.8225
62.8 1.81278
62.85 1.80118
62.9 1.78775
62.95 1.77251
63 1.75549
63.05 1.73674
63.1 1.7163
63.15 1.69421
63.2 1.67054
63.25 1.64532
63.3 1.61863
63.35 1.59053
63.4 1.56107
63.45 1.53033
63.5 1.49839
63.55 1.46531
63.6 1.43118
63.65 1.39607
63.7 1.36007
63.75 1.32326
63.8 1.28573
63.85 1.24757
63.9 1.20886
63.95 1.16971
64 1.13021
64.05 1.09044
64.1 1.0505
64.15 1.0105
64.2 0.970515
64.25 0.930654
64.3 0.89101
64.35 0.851678
64.4 0.812754
64.45 0.77433
64.5 0.7365
64.55 0.699356
64.6 0.662988
64.65 0.627484
64.7 0.592931
64.75 0.559413
64.8 0.527012
64.85 0.495807
64.9 0.465875
64.95 0.437289
65 0.410118
65.05 0.384431
65.1 0.360289
65.15 0.337753
65.2 0.316878
65.25 0.297715
65.3 0.280312
65.35 0.264712
65.4 0.250953
65.45 0.23907
65.5 0.229091
65.55 0.221042
65.6 0.214942
65.65 0.210807
65.7 0.208647
65.75 0.208467
65.8 0.210267
65.85 0.214044
65.9 0.219787
65.95 0.227483
66 0.237112
66.05 0.248651
66.1 0.262071
66.15 0.277339
66.2 0.294417
66.25 0.313263
66.3 0.333831
66.35 0.356069
66.4 0.379923
66.45 0.405334
66.5 0.432239
66.55 0.460573
66.6 0.490266
66.65 0.521245
66.7 0.553435
66.75 0.586755
66.8 0.621126
66.85 0.656463
66.9 0.692681
66.95 0.72969
67 0.767402
67.05 0.805725
67.1 0.844565
67.15 0.88383
67.2 0.923425
67.25 0.963253
67.3 1.00322
67.35 1.04323
67.4 1.08318
67.45 1.12299
67.5 1.16255
67.55 1.20177
67.6 1.24056
67.65 1.27883
67.7 1.31648
67.75 1.35343
67.8 1.38958
67.85 1.42486
67.9 1.45918
67.95 1.49246
68 1.52461
68.05 1.55557
68.1 1.58527
68.15 1.61362
68.2 1.64058
68.25 1.66606
68.3 1.69002
68.35 1.7124
68.4 1.73315
68.45 1.75221
68.5 1.76954
68.55 1.78511
68.6 1.79888
68.65 1.81081
68.7 1.82087
68.75 1.82906
68.8 1.83533
68.85 1.83969
68.9 1.84212
68.95 1.84261
69 1.84116
69.05 1.83779
69.1 1.83248
69.15 1.82527
69.2 1.81616
69.25 1.80517
69.3 1.79233
69.35 1.77768
69.4 1.76124
69.45 1.74305
69.5 1.72315
69.55 1.7016
69.6 1.67843
69.65 1.65371
69.7 1.6275
69.75 1.59985
69.8 1.57082
69.85 1.5405
69.9 1.50894
69.95 1.47622
70 1.44242
70.05 1.40762
70.1 1.3719
70.15 1.33535
70.2 1.29805
70.25 1.26008
70.3 1.22154
70.35 1.18253
70.4 1.14313
70.45 1.10343
70.5 1.06354
70.55 1.02355
70.6 0.98355
70.65 0.943639
70.7 0.903914
70.75 0.86447
70.8 0.825402
70.85 0.786804
70.9 0.748771
70.95 0.711393
71 0.674762
71.05 0.638966
71.1 0.604094
71.15 0.570229
71.2 0.537455
71.25 0.505851
71.3 0.475496
71.35 0.446462
71.4 0.418822
71.45 0.392644
71.5 0.367991
71.55 0.344925
71.6 0.323502
71.65 0.303775
71.7 0.285793
71.75 0.269601
71.8 0.255237
71.85 0.242739
71.9 0.232136
71.95 0.223455
72 0.216717
72.05 0.21194
72.1 0.209134
72.15 0.208308
72.2 0.209462
72.25 0.212595
72.3 0.217698
72.35 0.224759
72.4 0.23376
72.45 0.244679
72.5 0.257489
72.55 0.272158
72.6 0.28865
72.65 0.306924
72.7 0.326935
72.75 0.348634
72.8 0.371967
72.85 0.396876
72.9 0.423301
72.95 0.451177
73 0.480434
73.05 0.511002
73.1 0.542805
73.15 0.575765
73.2 0.609803
73.25 0.644834
73.3 0.680774
73.35 0.717535
73.4 0.755028
73.45 0.793161
73.5 0.831843
73.55 0.87098
73.6 0.910477
73.65 0.95024
73.7 0.990172
73.75 1.03018
73.8 1.07016
73.85 1.11003
73.9 1.14968
73.95 1.18902
74 1.22796
74.05 1.26641
74.1 1.30427
74.15 1.34146
74.2 1.37788
74.25 1.41345
74.3 1.44809
74.35 1.48172
74.4 1.51425
74.45 1.54561
74.5 1.57572
74.55 1.60452
74.6 1.63194
74.65 1.65791
74.7 1.68238
74.75 1.70528
74.8 1.72656
74.85 1.74618
74.9 1.76408
74.95 1.78023
75 1.79459
75.05 1.80712
75.1 1.8178
75.15 1.8266
75.2 1.8335
75.25 1.83848
75.3 1.84154
75.35 1.84266
75.4 1.84185
75.45 1.8391
75.5 1.83443
75.55 1.82783
75.6 1.81934
75.65 1.80896
75.7 1.79672
75.75 1.78266
75.8 1.76679
75.85 1.74917
75.9 1.72983
75.95 1.70881
76 1.68616
76.05 1.66195
76.1 1.63621
76.15 1.60902
76.2 1.58044
76.25 1.55053
76.3 1.51937
76.35 1.48702
76.4 1.45357
76.45 1.41908
76.5 1.38365
76.55 1.34736
76.6 1.31029
76.65 1.27253
76.7 1.23417
76.75 1.1953
76.8 1.15602
76.85 1.11641
76.9 1.07657
76.95 1.0366
77 0.996594
77.05 0.956644
77.1 0.916847
77.15 0.877301
77.2 0.8381
77.25 0.799339
77.3 0.761111
77.35 0.723509
77.4 0.686625
77.45 0.650547
77.5 0.615364
77.55 0.581161
77.6 0.548022
77.65 0.516028
77.7 0.485257
77.75 0.455784
77.8 0.427682
77.85 0.40102
77.9 0.375862
77.95 0.352272
78 0.330307
78.05 0.310022
78.1 0.291465
78.15 0.274684
78.2 0.25972
78.25 0.246609
78.3 0.235385
78.35 0.226074
78.4 0.2187
78.45 0.213282
78.5 0.209832
78.55 0.20836
78.6 0.208868
78.65 0.211356
78.7 0.215817
78.75 0.222241
78.8 0.230611
78.85 0.240907
78.9 0.253104
78.95 0.26717
79 0.283071
79.05 0.300769
79.1 0.320218
79.15 0.341372
79.2 0.364178
79.25 0.38858
79.3 0.414518
79.35 0.441928
79.4 0.470742
79.45 0.50089
79.5 0.532299
79.55 0.56489
79.6 0.598585
79.65 0.633302
79.7 0.668955
79.75 0.705457
79.8 0.742721
79.85 0.780656
79.9 0.819169
79.95 0.858168
80 0.897558
80.05 0.937244
80.1 0.977132
80.15 1.01712
80.2 1.05712
80.25 1.09704
80.3 1.13677
80.35 1.17623
80.4 1.21531
80.45 1.25393
80.5 1.29199
80.55 1.32941
80.6 1.36609
80.65 1.40195
80.7 1.4369
80.75 1.47087
80.8 1.50376
80.85 1.53551
80.9 1.56604
80.95 1.59528
81 1.62315
81.05 1.6496
81.1 1.67457
81.15 1.69798
81.2 1.7198
81.25 1.73996
81.3 1.75843
81.35 1.77516
81.4 1.7901
81.45 1.80323
81.5 1.81452
81.55 1.82393
81.6 1.83145
81.65 1.83707
81.7 1.84075
81.75 1.84251
81.8 1.84233
81.85 1.84021
81.9 1.83616
81.95 1.83019
82 1.82232
82.05 1.81255
82.1 1.80092
82.15 1.78744
82.2 1.77216
82.25 1.75511
82.3 1.73632
82.35 1.71584
82.4 1.69373
82.45 1.67002
82.5 1.64477
82.55 1.61805
82.6 1.58991
82.65 1.56043
82.7 1.52967
82.75 1.4977
82.8 1.4646
82.85 1.43044
82.9 1.39531
82.95 1.35929
83 1.32247
83.05 1.28492
83.1 1.24675
83.15 1.20804
83.2 1.16888
83.25 1.12936
83.3 1.08959
83.35 1.04965
83.4 1.00964
83.45 0.969665
83.5 0.929808
83.55 0.890169
83.6 0.850845
83.65 0.81193
83.7 0.773518
83.75 0.735702
83.8 0.698573
83.85 0.662223
83.9 0.626738
83.95 0.592207
84 0.558712
84.05 0.526335
84.1 0.495157
84.15 0.465252
84.2 0.436695
84.25 0.409556
84.3 0.3839
84.35 0.359792
84.4 0.337291
84.45 0.316452
84.5 0.297326
84.55 0.279961
84.6 0.2644
84.65 0.250681
84.7 0.238837
84.75 0.2289
84.8 0.220892
84.85 0.214834
84.9 0.210741
84.95 0.208623
85 0.208485
85.05 0.210327
85.1 0.214146
85.15 0.219931
85.2 0.227668
85.25 0.237338
85.3 0.248918
85.35 0.262377
85.4 0.277684
85.45 0.2948
85.5 0.313684
85.55 0.334287
85.6 0.35656
85.65 0.380448
85.7 0.405891
85.75 0.432828
85.8 0.461192
85.85 0.490913
85.9 0.521918
85.95 0.554132
86 0.587476
86.05 0.621869
86.1 0.657226
86.15 0.693461
86.2 0.730486
86.25 0.768212
86.3 0.806547
86.35 0.845397
86.4 0.88467
86.45 0.92427
86.5 0.964103
86.55 1.00407
86.6 1.04408
86.65 1.08403
86.7 1.12383
86.75 1.16339
86.8 1.2026
86.85 1.24139
86.9 1.27964
86.95 1.31728
87 1.35421
87.05 1.39034
87.1 1.4256
87.15 1.4599
87.2 1.49315
87.25 1.52528
87.3 1.55622
87.35 1.58589
87.4 1.61421
87.45 1.64114
87.5 1.66659
87.55 1.69052
87.6 1.71286
87.65 1.73357
87.7 1.7526
87.75 1.76989
87.8 1.78542
87.85 1.79915
87.9 1.81104
87.95 1.82107
88 1.82921
88.05 1.83545
88.1 1.83976
88.15 1.84215
88.2 1.8426
88.25 1.84111
88.3 1.83769
88.35 1.83235
88.4 1.82509
88.45 1.81594
88.5 1.80492
88.55 1.79204
88.6 1.77735
88.65 1.76087
88.7 1.74264
88.75 1.72271
88.8 1.70112
88.85 1.67792
88.9 1.65317
88.95 1.62692
89 1.59924
89.05 1.57019
89.1 1.53984
89.15 1.50826
89.2 1.47551
89.25 1.44169
89.3 1.40687
89.35 1.37114
89.4 1.33456
89.45 1.29724
89.5 1.25927
89.55 1.22072
89.6 1.18169
89.65 1.14229
89.7 1.10259
89.75 1.06269
89.8 1.0227
89.85 0.982699
89.9 0.942791
89.95 0.903071
90 0.863634
90.05 0.824575
90.1 0.785988
90.15 0.747968
90.2 0.710605
90.25 0.673991
90.3 0.638214
90.35 0.603362
90.4 0.56952
90.45 0.53677
90.5 0.505192
90.55 0.474864
90.6 0.445859
90.65 0.41825
90.7 0.392103
90.75 0.367484
90.8 0.344452
90.85 0.323064
90.9 0.303374
90.95 0.28543
91 0.269276
91.05 0.254952
91.1 0.242493
91.15 0.231931
91.2 0.223291
91.25 0.216595
91.3 0.211859
91.35 0.209096
91.4 0.208312
91.45 0.209509
91.5 0.212683
91.55 0.217828
91.6 0.22493
91.65 0.233972
91.7 0.244932
91.75 0.257782
91.8 0.27249
91.85 0.28902
91.9 0.307332
91.95 0.327379
92 0.349114
92.05 0.372481
92.1 0.397423
92.15 0.42388
92.2 0.451786
92.25 0.481072
92.3 0.511667
92.35 0.543495
92.4 0.576479
92.45 0.610539
92.5 0.64559
92.55 0.681548
92.6 0.718326
92.65 0.755833
92.7 0.793979
92.75 0.832672
92.8 0.871817
92.85 0.911321
92.9 0.951088
92.95 0.991023
93 1.03103
93.05 1.07101
93.1 1.11087
93.15 1.15052
93.2 1.18985
93.25 1.22879
93.3 1.26722
93.35 1.30507
93.4 1.34224
93.45 1.37865
93.5 1.4142
93.55 1.44882
93.6 1.48242
93.65 1.51493
93.7 1.54626
93.75 1.57635
93.8 1.60512
93.85 1.63251
93.9 1.65845
93.95 1.68288
94 1.70575
94.05 1.727
94.1 1.74658
94.15 1.76444
94.2 1.78055
94.25 1.79487
94.3 1.80737
94.35 1.818
94.4 1.82676
94.45 1.83362
94.5 1.83857
94.55 1.84158
94.6 1.84266
94.65 1.84181
94.7 1.83902
94.75 1.8343
94.8 1.82767
94.85 1.81914
94.9 1.80872
94.95 1.79644
95 1.78234
95.05 1.76644
95.1 1.74877
95.15 1.7294
95.2 1.70834
95.25 1.68566
95.3 1.66141
95.35 1.63565
95.4 1.60843
95.45 1.57982
95.5 1.54988
95.55 1.51869
95.6 1.48632
95.65 1.45284
95.7 1.41834
95.75 1.38289
95.8 1.34658
95.85 1.3095
95.9 1.27172
95.95 1.23335
96 1.19447
96.05 1.15518
96.1 1.11556
96.15 1.07572
96.2 1.03575
96.25 0.995742
96.3 0.955794
96.35 0.916003
96.4 0.876463
96.45 0.83727
96.5 0.798519
96.55 0.760304
96.6 0.722716
96.65 0.685848
96.7 0.649788
96.75 0.614625
96.8 0.580444
96.85 0.547329
96.9 0.51536
96.95 0.484616
97 0.455172
97.05 0.427099
97.1 0.400468
97.15 0.375344
97.2 0.351787
97.25 0.329858
97.3 0.309608
97.35 0.291089
97.4 0.274347
97.45 0.259421
97.5 0.246351
97.55 0.235166
97.6 0.225897
97.65 0.218565
97.7 0.213188
97.75 0.20978
97.8 0.20835
97.85 0.2089
97.9 0.21143
97.95 0.215934
98 0.222399
98.05 0.230811
98.1 0.241147
98.15 0.253384
98.2 0.267489
98.25 0.283429
98.3 0.301165
98.35 0.320651
98.4 0.341841
98.45 0.364682
98.5 0.389117
98.55 0.415086
98.6 0.442527
98.65 0.47137
98.7 0.501546
98.75 0.53298
98.8 0.565596
98.85 0.599314
98.9 0.634051
98.95 0.669723
99 0.706243
99.05 0.743522
99.1 0.78147
99.15 0.819994
99.2 0.859003
99.25 0.8984
99.3 0.938092
99.35 0.977982
99.4 1.01798
99.45 1.05798
99.5 1.09789
99.55 1.13761
99.6 1.17706
99.65 1.21614
99.7 1.25474
99.75 1.29279
99.8 1.3302
99.85 1.36686
99.9 1.4027
99.95 1.43764
100 1.47158
100.05 1.50445
100.1 1.53617
100.15 1.56668
100.2 1.59589
100.25 1.62373
100.3 1.65015
100.35 1.67508
100.4 1.69846
100.45 1.72025
100.5 1.74037
100.55 1.7588
100.6 1.77549
100.65 1.7904
100.7 1.80349
100.75 1.81474
100.8 1.82411
100.85 1.83159
100.9 1.83716
100.95 1.84081
101 1.84252
101.05 1.8423
101.1 1.84014
101.15 1.83605
101.2 1.83005
101.25 1.82213
101.3 1.81232
101.35 1.80065
101.4 1.78714
101.45 1.77182
101.5 1.75473
101.55 1.7359
101.6 1.71539
101.65 1.69324
101.7 1.66949
101.75 1.64422
101.8 1.61746
101.85 1.5893
101.9 1.55979
101.95 1.529
102 1.497
102.05 1.46388
102.1 1.4297
102.15 1.39455
102.2 1.35852
102.25 1.32167
102.3 1.28412
102.35 1.24593
102.4 1.20721
102.45 1.16804
102.5 1.12852
102.55 1.08874
102.6 1.0488
102.65 1.00879
102.7 0.968814
102.75 0.928961
102.8 0.889329
102.85 0.850012
102.9 0.811107
102.95 0.772706
103 0.734904
103.05 0.697791
103.1 0.661458
103.15 0.625993
103.2 0.591482
103.25 0.55801
103.3 0.525659
103.35 0.494507
103.4 0.46463
103.45 0.436102
103.5 0.408994
103.55 0.383371
103.6 0.359296
103.65 0.33683
103.7 0.316027
103.75 0.296938
103.8 0.279611
103.85 0.264088
103.9 0.250409
103.95 0.238606
104 0.228709
104.05 0.220743
104.1 0.214726
104.15 0.210675
104.2 0.208599
104.25 0.208503
104.3 0.210388
104.35 0.214248
104.4 0.220075
104.45 0.227854
104.5 0.237565
104.55 0.249185
104.6 0.262684
104.65 0.27803
104.7 0.295184
104.75 0.314104
104.8 0.334744
104.85 0.357052
104.9 0.380973
104.95 0.406449
105 0.433417
105.05 0.46181
105.1 0.49156
105.15 0.522592
105.2 0.554831
105.25 0.588198
105.3 0.622612
105.35 0.657988
105.4 0.694241
105.45 0.731282
105.5 0.769022
105.55 0.807369
105.6 0.846229
105.65 0.88551
105.7 0.925116
105.75 0.964952
105.8 1.00492
105.85 1.04493
105.9 1.08488
105.95 1.12468
106 1.16423
106.05 1.20344
106.1 1.24221
106.15 1.28045
106.2 1.31807
106.25 1.35499
106.3 1.3911
106.35 1.42634
106.4 1.46062
106.45 1.49385
106.5 1.52596
106.55 1.55686
106.6 1.5865
106.65 1.6148
106.7 1.64169
106.75 1.66712
106.8 1.69101
106.85 1.71332
106.9 1.73399
106.95 1.75298
107 1.77024
107.05 1.78573
107.1 1.79942
107.15 1.81127
107.2 1.82126
107.25 1.82936
107.3 1.83556
107.35 1.83983
107.4 1.84218
107.45 1.84259
107.5 1.84106
107.55 1.8376
107.6 1.83222
107.65 1.82492
107.7 1.81573
107.75 1.80466
107.8 1.79175
107.85 1.77701
107.9 1.7605
107.95 1.74223
108 1.72227
108.05 1.70064
108.1 1.67741
108.15 1.65263
108.2 1.62635
108.25 1.59864
108.3 1.56956
108.35 1.53918
108.4 1.50757
108.45 1.47481
108.5 1.44096
108.55 1.40612
108.6 1.37036
108.65 1.33378
108.7 1.29644
108.75 1.25845
108.8 1.21989
108.85 1.18086
108.9 1.14144
108.95 1.10174
109 1.06184
109.05 1.02185
109.1 0.981848
109.15 0.941943
109.2 0.902228
109.25 0.862798
109.3 0.823748
109.35 0.785173
109.4 0.747165
109.45 0.709817
109.5 0.67322
109.55 0.637462
109.6 0.602631
109.65 0.568811
109.7 0.536085
109.75 0.504533
109.8 0.474232
109.85 0.445257
109.9 0.417678
109.95 0.391563
110 0.366976
110.05 0.343979
110.1 0.322627
110.15 0.302974
110.2 0.285067
110.25 0.268952
110.3 0.254667
110.35 0.242248
110.4 0.231727
110.45 0.223128
110.5 0.216474
110.55 0.21178
110.6 0.209059
110.65 0.208317
110.7 0.209556
110.75 0.212772
110.8 0.217959
110.85 0.225103
110.9 0.234186
110.95 0.245186
111 0.258075
111.05 0.272823
111.1 0.289392
111.15 0.307741
111.2 0.327825
111.25 0.349594
111.3 0.372996
111.35 0.397971
111.4 0.424459
111.45 0.452395
111.5 0.48171
111.55 0.512332
111.6 0.544185
111.65 0.577193
111.7 0.611275
111.75 0.646346
111.8 0.682323
111.85 0.719117
111.9 0.756639
111.95 0.794798
112 0.833501
112.05 0.872655
112.1 0.912165
112.15 0.951937
112.2 0.991874
112.25 1.03188
112.3 1.07186
112.35 1.11172
112.4 1.15136
112.45 1.19069
112.5 1.22961
112.55 1.26804
112.6 1.30587
112.65 1.34303
112.7 1.37941
112.75 1.41495
112.8 1.44955
112.85 1.48313
112.9 1.51561
112.95 1.54692
113 1.57698
113.05 1.60572
113.1 1.63308
113.15 1.65899
113.2 1.68339
113.25 1.70622
113.3 1.72743
113.35 1.74697
113.4 1.7648
113.45 1.78088
113.5 1.79516
113.55 1.80761
113.6 1.81821
113.65 1.82693
113.7 1.83375
113.75 1.83865
113.8 1.84162
113.85 1.84267
113.9 1.84177
113.95 1.83894
114 1.83418
114.05 1.82751
114.1 1.81893
114.15 1.80848
114.2 1.79616
114.25 1.78202
114.3 1.76608
114.35 1.74838
114.4 1.72896
114.45 1.70788
114.5 1.68516
114.55 1.66088
114.6 1.63508
114.65 1.60783
114.7 1.57919
114.75 1.54923
114.8 1.51801
114.85 1.48562
114.9 1.45212
114.95 1.41759
115 1.38213
115.05 1.3458
115.1 1.3087
115.15 1.27091
115.2 1.23253
115.25 1.19364
115.3 1.15434
115.35 1.11472
115.4 1.07487
115.45 1.0349
115.5 0.994891
115.55 0.954945
115.6 0.915158
115.65 0.875624
115.7 0.83644
115.75 0.797699
115.8 0.759496
115.85 0.721923
115.9 0.685071
115.95 0.64903
116 0.613887
116.05 0.579728
116.1 0.546636
116.15 0.514693
116.2 0.483975
116.25 0.454559
116.3 0.426517
116.35 0.399917
116.4 0.374826
116.45 0.351303
116.5 0.329409
116.55 0.309196
116.6 0.290714
116.65 0.27401
116.7 0.259124
116.75 0.246093
116.8 0.234949
116.85 0.225721
116.9 0.21843
116.95 0.213095
117 0.209729
117.05 0.208341
117.1 0.208934
117.15 0.211506
117.2 0.216051
117.25 0.222558
117.3 0.231011
117.35 0.241388
117.4 0.253665
117.45 0.26781
117.5 0.283789
117.55 0.301562
117.6 0.321085
117.65 0.34231
117.7 0.365185
117.75 0.389654
117.8 0.415656
117.85 0.443126
117.9 0.471999
117.95 0.502202
118 0.533663
118.05 0.566303
118.1 0.600043
118.15 0.634801
118.2 0.670492
118.25 0.707029
118.3 0.744323
118.35 0.782284
118.4 0.82082
118.45 0.859838
118.5 0.899242
118.55 0.938939
118.6 0.978833
118.65 1.01883
118.7 1.05883
118.75 1.09874
118.8 1.13846
118.85 1.1779
118.9 1.21696
118.95 1.25556
119 1.2936
119.05 1.33098
119.1 1.36763
119.15 1.40346
119.2 1.43837
119.25 1.47229
119.3 1.50514
119.35 1.53684
119.4 1.56731
119.45 1.59649
119.5 1.62431
119.55 1.6507
119.6 1.6756
119.65 1.69894
119.7 1.72069
119.75 1.74079
119.8 1.75918
119.85 1.77583
119.9 1.7907
119.95 1.80375
120 1.81496
120.05 1.82429
120.1 1.83173
120.15 1.83726
120.2 1.84087
120.25 1.84254
120.3 1.84228
120.35 1.84008
120.4 1.83595
120.45 1.8299
120.5 1.82194
120.55 1.81209
120.6 1.80038
120.65 1.78683
120.7 1.77147
120.75 1.75434
120.8 1.73548
120.85 1.71494
120.9 1.69275
120.95 1.66897
121 1.64366
121.05 1.61688
121.1 1.58868
121.15 1.55915
121.2 1.52833
121.25 1.49631
121.3 1.46316
121.35 1.42896
121.4 1.3938
121.45 1.35774
121.5 1.32088
121.55 1.28331
121.6 1.24511
121.65 1.20638
121.7 1.1672
121.75 1.12767
121.8 1.08789
121.85 1.04795
121.9 1.00794
121.95 0.967964
122 0.928115
122.05 0.888488
122.1 0.849179
122.15 0.810284
122.2 0.771895
122.25 0.734106
122.3 0.697009
122.35 0.660694
122.4 0.625248
122.45 0.590759
122.5 0.55731
122.55 0.524983
122.6 0.493857
122.65 0.464008
122.7 0.43551
122.75 0.408433
122.8 0.382842
122.85 0.358801
122.9 0.336369
122.95 0.315602
123 0.29655
123.05 0.279261
123.1 0.263778
123.15 0.250138
123.2 0.238375
123.25 0.228519
123.3 0.220594
123.35 0.21462
123.4 0.21061
123.45 0.208576
123.5 0.208523
123.55 0.210449
123.6 0.214352
123.65 0.22022
123.7 0.22804
123.75 0.237793
123.8 0.249453
123.85 0.262992
123.9 0.278376
123.95 0.295569
124 0.314526
124.05 0.335202
