x u0 u1 u2
0.000000 0.000000 0.000000 0.000000
0.147410 0.097207 0.034493 0.018800
0.294821 0.167857 0.059003 0.032103
0.442231 0.217390 0.075136 0.040751
0.589641 0.250258 0.084293 0.045493
0.737052 0.270090 0.087694 0.046991
0.884462 0.279834 0.086400 0.045832
1.031873 0.281875 0.081330 0.042532
1.179283 0.278137 0.073275 0.037542
1.326693 0.270160 0.062918 0.031260
1.474104 0.259173 0.050840 0.024029
1.621514 0.246145 0.037540 0.016148
1.768924 0.231841 0.023437 0.007873
1.916335 0.216852 0.008886 -0.000577
2.063745 0.201631 -0.005819 -0.009015
2.211155 0.186522 -0.020433 -0.017284
2.358566 0.171779 -0.034756 -0.025256
2.505976 0.157583 -0.048627 -0.032824
2.653386 0.144060 -0.061919 -0.039901
2.800797 0.131291 -0.074533 -0.046421
2.948207 0.119322 -0.086394 -0.052333
3.095618 0.108173 -0.097450 -0.057599
3.243028 0.097844 -0.107667 -0.062196
3.390438 0.088318 -0.117026 -0.066109
3.537849 0.079569 -0.125519 -0.069335
3.685259 0.071562 -0.133151 -0.071876
3.832669 0.064258 -0.139935 -0.073743
3.980080 0.057614 -0.145892 -0.074952
4.127490 0.051586 -0.151047 -0.075523
4.274900 0.046130 -0.155431 -0.075481
4.422311 0.041201 -0.159078 -0.074854
4.569721 0.036759 -0.162025 -0.073671
4.717131 0.032761 -0.164310 -0.071966
4.864542 0.029170 -0.165973 -0.069772
5.011952 0.025948 -0.167053 -0.067122
5.159363 0.023063 -0.167591 -0.064053
5.306773 0.020481 -0.167626 -0.060598
5.454183 0.018175 -0.167198 -0.056794
5.601594 0.016116 -0.166345 -0.052674
5.749004 0.014281 -0.165104 -0.048272
5.896414 0.012646 -0.163510 -0.043622
6.043825 0.011191 -0.161599 -0.038755
6.191235 0.009898 -0.159401 -0.033704
6.338645 0.008750 -0.156950 -0.028497
6.486056 0.007730 -0.154274 -0.023163
6.633466 0.006826 -0.151402 -0.017730
6.780876 0.006024 -0.148358 -0.012224
6.928287 0.005314 -0.145169 -0.006669
7.075697 0.004686 -0.141857 -0.001088
7.223108 0.004130 -0.138443 0.004496
7.370518 0.003639 -0.134947 0.010065
7.517928 0.003205 -0.131388 0.015599
7.665339 0.002821 -0.127782 0.021080
7.812749 0.002483 -0.124144 0.026492
7.960159 0.002184 -0.120490 0.031821
8.107570 0.001920 -0.116831 0.037053
8.254980 0.001688 -0.113180 0.042176
8.402390 0.001484 -0.109547 0.047178
8.549801 0.001303 -0.105942 0.052051
8.697211 0.001145 -0.102372 0.056784
8.844622 0.001005 -0.098847 0.061370
8.992032 0.000882 -0.095373 0.065804
9.139442 0.000774 -0.091954 0.070077
9.286853 0.000679 -0.088598 0.074187
9.434263 0.000596 -0.085307 0.078128
9.581673 0.000522 -0.082086 0.081898
9.729084 0.000458 -0.078939 0.085495
9.876494 0.000401 -0.075867 0.088915
10.023904 0.000352 -0.072872 0.092159
10.171315 0.000308 -0.069957 0.095226
10.318725 0.000270 -0.067123 0.098115
10.466135 0.000236 -0.064370 0.100828
10.613546 0.000207 -0.061699 0.103366
10.760956 0.000181 -0.059110 0.105729
10.908367 0.000159 -0.056603 0.107921
11.055777 0.000139 -0.054178 0.109944
11.203187 0.000121 -0.051834 0.111799
11.350598 0.000106 -0.049569 0.113490
11.498008 0.000093 -0.047384 0.115021
11.645418 0.000081 -0.045277 0.116394
11.792829 0.000071 -0.043246 0.117614
11.940239 0.000062 -0.041291 0.118684
12.087649 0.000054 -0.039409 0.119609
12.235060 0.000047 -0.037600 0.120392
12.382470 0.000041 -0.035861 0.121038
12.529880 0.000036 -0.034191 0.121551
12.677291 0.000032 -0.032587 0.121936
12.824701 0.000028 -0.031049 0.122197
12.972112 0.000024 -0.029574 0.122339
13.119522 0.000021 -0.028160 0.122366
13.266932 0.000018 -0.026805 0.122283
13.414343 0.000016 -0.025509 0.122094
13.561753 0.000014 -0.024268 0.121804
13.709163 0.000012 -0.023081 0.121418
13.856574 0.000011 -0.021946 0.120940
14.003984 0.000009 -0.020861 0.120375
14.151394 0.000008 -0.019824 0.119726
14.298805 0.000007 -0.018835 0.118999
14.446215 0.000006 -0.017890 0.118197
14.593625 0.000005 -0.016988 0.117324
14.741036 0.000005 -0.016129 0.116386
14.888446 0.000004 -0.015309 0.115384
15.035857 0.000004 -0.014527 0.114325
15.183267 0.000003 -0.013782 0.113211
15.330677 0.000003 -0.013073 0.112046
15.478088 0.000002 -0.012397 0.110833
15.625498 0.000002 -0.011754 0.109577
15.772908 0.000002 -0.011142 0.108281
15.920319 0.000002 -0.010559 0.106947
16.067729 0.000001 -0.010005 0.105580
16.215139 0.000001 -0.009479 0.104181
16.362550 0.000001 -0.008978 0.102755
16.509960 0.000001 -0.008502 0.101304
16.657371 0.000001 -0.008050 0.099831
16.804781 0.000001 -0.007621 0.098337
16.952191 0.000001 -0.007213 0.096827
17.099602 0.000001 -0.006826 0.095303
17.247012 0.000000 -0.006458 0.093766
17.394422 0.000000 -0.006110 0.092219
17.541833 0.000000 -0.005779 0.090664
17.689243 0.000000 -0.005465 0.089103
17.836653 0.000000 -0.005167 0.087538
17.984064 0.000000 -0.004885 0.085971
18.131474 0.000000 -0.004618 0.084404
18.278884 0.000000 -0.004365 0.082838
18.426295 0.000000 -0.004124 0.081275
18.573705 0.000000 -0.003897 0.079717
18.721116 0.000000 -0.003681 0.078164
18.868526 0.000000 -0.003477 0.076618
19.015936 0.000000 -0.003284 0.075081
19.163347 0.000000 -0.003101 0.073554
19.310757 0.000000 -0.002928 0.072037
19.458167 0.000000 -0.002765 0.070531
19.605578 0.000000 -0.002610 0.069039
19.752988 0.000000 -0.002463 0.067559
19.900398 0.000000 -0.002324 0.066095
20.047809 0.000000 -0.002193 0.064645
20.195219 0.000000 -0.002069 0.063211
20.342629 0.000000 -0.001952 0.061794
20.490040 0.000000 -0.001841 0.060394
20.637450 0.000000 -0.001737 0.059011
20.784861 0.000000 -0.001638 0.057647
20.932271 0.000000 -0.001544 0.056301
21.079681 0.000000 -0.001456 0.054974
21.227092 0.000000 -0.001373 0.053666
21.374502 0.000000 -0.001294 0.052378
21.521912 0.000000 -0.001220 0.051109
21.669323 0.000000 -0.001149 0.049861
21.816733 0.000000 -0.001083 0.048633
21.964143 0.000000 -0.001021 0.047426
22.111554 0.000000 -0.000962 0.046239
22.258964 0.000000 -0.000906 0.045073
22.406375 0.000000 -0.000853 0.043928
22.553785 0.000000 -0.000804 0.042803
22.701195 0.000000 -0.000757 0.041699
22.848606 0.000000 -0.000713 0.040616
22.996016 0.000000 -0.000671 0.039554
23.143426 0.000000 -0.000632 0.038513
23.290837 0.000000 -0.000595 0.037492
23.438247 0.000000 -0.000560 0.036491
23.585657 0.000000 -0.000527 0.035511
23.733068 0.000000 -0.000496 0.034551
23.880478 0.000000 -0.000467 0.033611
24.027888 0.000000 -0.000439 0.032691
24.175299 0.000000 -0.000413 0.031791
24.322709 0.000000 -0.000389 0.030911
24.470120 0.000000 -0.000366 0.030050
24.617530 0.000000 -0.000344 0.029207
24.764940 0.000000 -0.000324 0.028384
24.912351 0.000000 -0.000305 0.027580
25.059761 0.000000 -0.000286 0.026794
25.207171 0.000000 -0.000269 0.026026
25.354582 0.000000 -0.000253 0.025276
25.501992 0.000000 -0.000238 0.024544
25.649402 0.000000 -0.000224 0.023829
25.796813 0.000000 -0.000211 0.023131
25.944223 0.000000 -0.000198 0.022450
26.091633 0.000000 -0.000186 0.021786
26.239044 0.000000 -0.000175 0.021137
26.386454 0.000000 -0.000164 0.020505
26.533865 0.000000 -0.000155 0.019889
26.681275 0.000000 -0.000145 0.019288
26.828685 0.000000 -0.000136 0.018702
26.976096 0.000000 -0.000128 0.018131
27.123506 0.000000 -0.000120 0.017574
27.270916 0.000000 -0.000113 0.017032
27.418327 0.000000 -0.000106 0.016504
27.565737 0.000000 -0.000100 0.015989
27.713147 0.000000 -0.000094 0.015488
27.860558 0.000000 -0.000088 0.014999
28.007968 0.000000 -0.000083 0.014524
28.155378 0.000000 -0.000078 0.014061
28.302789 0.000000 -0.000073 0.013610
28.450199 0.000000 -0.000069 0.013172
28.597610 0.000000 -0.000064 0.012744
28.745020 0.000000 -0.000060 0.012329
28.892430 0.000000 -0.000057 0.011924
29.039841 0.000000 -0.000053 0.011530
29.187251 0.000000 -0.000050 0.011147
29.334661 0.000000 -0.000047 0.010774
29.482072 0.000000 -0.000044 0.010411
29.629482 0.000000 -0.000041 0.010058
29.776892 0.000000 -0.000039 0.009714
29.924303 0.000000 -0.000036 0.009380
30.071713 0.000000 -0.000034 0.009055
30.219124 0.000000 -0.000032 0.008738
30.366534 0.000000 -0.000030 0.008430
30.513944 0.000000 -0.000028 0.008130
30.661355 0.000000 -0.000026 0.007838
30.808765 0.000000 -0.000025 0.007554
30.956175 0.000000 -0.000023 0.007278
31.103586 0.000000 -0.000022 0.007009
31.250996 0.000000 -0.000020 0.006747
31.398406 0.000000 -0.000019 0.006492
31.545817 0.000000 -0.000018 0.006244
31.693227 0.000000 -0.000017 0.006002
31.840637 0.000000 -0.000016 0.005766
31.988048 0.000000 -0.000015 0.005537
32.135458 0.000000 -0.000014 0.005313
32.282869 0.000000 -0.000013 0.005095
32.430279 0.000000 -0.000012 0.004882
32.577689 0.000000 -0.000011 0.004674
32.725100 0.000000 -0.000011 0.004472
32.872510 0.000000 -0.000010 0.004274
33.019920 0.000000 -0.000009 0.004082
33.167331 0.000000 -0.000009 0.003893
33.314741 0.000000 -0.000008 0.003709
33.462151 0.000000 -0.000007 0.003529
33.609562 0.000000 -0.000007 0.003353
33.756972 0.000000 -0.000006 0.003180
33.904382 0.000000 -0.000006 0.003012
34.051793 0.000000 -0.000006 0.002846
34.199203 0.000000 -0.000005 0.002684
34.346614 0.000000 -0.000005 0.002525
34.494024 0.000000 -0.000004 0.002369
34.641434 0.000000 -0.000004 0.002216
34.788845 0.000000 -0.000004 0.002065
34.936255 0.000000 -0.000003 0.001916
35.083665 0.000000 -0.000003 0.001770
35.231076 0.000000 -0.000003 0.001626
35.378486 0.000000 -0.000003 0.001484
35.525896 0.000000 -0.000002 0.001343
35.673307 0.000000 -0.000002 0.001204
35.820717 0.000000 -0.000002 0.001067
35.968127 0.000000 -0.000002 0.000931
36.115538 0.000000 -0.000001 0.000796
36.262948 0.000000 -0.000001 0.000662
36.410359 0.000000 -0.000001 0.000528
36.557769 0.000000 -0.000001 0.000396
36.705179 0.000000 -0.000000 0.000263
36.852590 0.000000 -0.000000 0.000132
37.000000 0.000000 0.000000 0.000000
